10 2 1
11 2 1
12 2 1
13 2 1
14 2 1
17 2 1
18 2 1
19 2 1
20 2 1
21 2 1
22 2 1
25 2 1
26 2 1
27 2 1
28 2 1
29 2 1
15 2 1
23 2 1
31 2 1
39 2 1
57 2 1
58 2 1
59 2 1
60 2 1
10 3 2
11 3 2
12 3 2
13 3 2
14 3 2
17 3 2
18 3 2
19 3 2
20 3 2
21 3 2
22 3 2
25 3 2
26 3 2
27 3 2
28 3 2
29 3 2
15 2 2
23 2 2
31 2 2
39 2 2
57 2 2
58 2 2
59 2 2
60 2 2
10 4 3
11 4 3
12 4 3
13 4 3
14 4 3
17 4 3
18 4 3
19 4 3
20 4 3
21 4 3
22 4 3
25 4 3
26 4 3
27 4 3
28 4 3
29 4 3
15 2 3
23 2 3
31 2 3
39 2 3
57 2 3
58 2 3
59 2 3
60 2 3
10 5 4
11 5 4
12 5 4
13 5 4
14 5 4
17 5 4
18 5 4
19 5 4
20 5 4
21 5 4
22 5 4
25 5 4
26 5 4
27 5 4
28 5 4
29 5 4
15 2 4
23 2 4
31 2 4
39 2 4
57 2 4
58 2 4
59 2 4
60 2 4
10 16 5
11 16 5
12 16 5
13 16 5
14 16 5
17 16 5
18 16 5
19 16 5
20 16 5
21 16 5
22 16 5
25 16 5
26 16 5
27 16 5
28 16 5
29 16 5
15 2 5
23 2 5
31 2 5
39 2 5
57 2 5
58 2 5
59 2 5
60 2 5
10 24 6
11 24 6
12 24 6
13 24 6
14 24 6
17 24 6
18 24 6
19 24 6
20 24 6
21 24 6
22 24 6
25 24 6
26 24 6
27 24 6
28 24 6
29 24 6
15 2 6
23 2 6
31 2 6
39 2 6
57 2 6
58 2 6
59 2 6
60 2 6
10 32 7
11 32 7
12 32 7
13 32 7
14 32 7
17 32 7
18 32 7
19 32 7
20 32 7
21 32 7
22 32 7
25 32 7
26 32 7
27 32 7
28 32 7
29 32 7
15 2 7
23 2 7
31 2 7
39 2 7
57 2 7
58 2 7
59 2 7
60 2 7
10 40 8
11 40 8
12 40 8
13 40 8
14 40 8
17 40 8
18 40 8
19 40 8
20 40 8
21 40 8
22 40 8
25 40 8
26 40 8
27 40 8
28 40 8
29 40 8
15 2 8
23 2 8
31 2 8
39 2 8
57 2 8
58 2 8
59 2 8
60 2 8
10 15 9
11 15 9
12 15 9
13 15 9
14 15 9
17 15 9
18 15 9
19 15 9
20 15 9
21 15 9
22 15 9
25 15 9
26 15 9
27 15 9
28 15 9
29 15 9
15 2 9
23 2 9
31 2 9
39 2 9
57 2 9
58 2 9
59 2 9
60 2 9
10 15 10
11 15 10
12 15 10
13 15 10
14 15 10
17 15 10
18 15 10
19 15 10
20 15 10
21 15 10
22 15 10
25 15 10
26 15 10
27 15 10
28 15 10
29 15 10
15 2 10
23 2 10
31 2 10
39 2 10
57 2 10
58 2 10
59 2 10
60 2 10
10 15 11
11 15 11
12 15 11
13 15 11
14 15 11
17 15 11
18 15 11
19 15 11
20 15 11
21 15 11
22 15 11
25 15 11
26 15 11
27 15 11
28 15 11
29 15 11
15 2 11
23 2 11
31 2 11
39 2 11
57 2 11
58 2 11
59 2 11
60 2 11
10 23 12
11 23 12
12 23 12
13 23 12
14 23 12
17 23 12
18 23 12
19 23 12
20 23 12
21 23 12
22 23 12
25 23 12
26 23 12
27 23 12
28 23 12
29 23 12
15 2 12
23 2 12
31 2 12
39 2 12
57 2 12
58 2 12
59 2 12
60 2 12
10 23 13
11 23 13
12 23 13
13 23 13
14 23 13
17 23 13
18 23 13
19 23 13
20 23 13
21 23 13
22 23 13
25 23 13
26 23 13
27 23 13
28 23 13
29 23 13
15 2 13
23 2 13
31 2 13
39 2 13
57 2 13
58 2 13
59 2 13
60 2 13
10 23 14
11 23 14
12 23 14
13 23 14
14 23 14
17 23 14
18 23 14
19 23 14
20 23 14
21 23 14
22 23 14
25 23 14
26 23 14
27 23 14
28 23 14
29 23 14
15 2 14
23 2 14
31 2 14
39 2 14
57 2 14
58 2 14
59 2 14
60 2 14
10 31 15
11 31 15
12 31 15
13 31 15
14 31 15
17 31 15
18 31 15
19 31 15
20 31 15
21 31 15
22 31 15
25 31 15
26 31 15
27 31 15
28 31 15
29 31 15
15 2 15
23 2 15
31 2 15
39 2 15
57 2 15
58 2 15
59 2 15
60 2 15
10 31 16
11 31 16
12 31 16
13 31 16
14 31 16
17 31 16
18 31 16
19 31 16
20 31 16
21 31 16
22 31 16
25 31 16
26 31 16
27 31 16
28 31 16
29 31 16
15 2 16
23 2 16
31 2 16
39 2 16
57 2 16
58 2 16
59 2 16
60 2 16
10 31 17
11 31 17
12 31 17
13 31 17
14 31 17
17 31 17
18 31 17
19 31 17
20 31 17
21 31 17
22 31 17
25 31 17
26 31 17
27 31 17
28 31 17
29 31 17
15 2 17
23 2 17
31 2 17
39 2 17
57 2 17
58 2 17
59 2 17
60 2 17
10 39 18
11 39 18
12 39 18
13 39 18
14 39 18
17 39 18
18 39 18
19 39 18
20 39 18
21 39 18
22 39 18
25 39 18
26 39 18
27 39 18
28 39 18
29 39 18
15 2 18
23 2 18
31 2 18
39 2 18
57 2 18
58 2 18
59 2 18
60 2 18
10 39 19
11 39 19
12 39 19
13 39 19
14 39 19
17 39 19
18 39 19
19 39 19
20 39 19
21 39 19
22 39 19
25 39 19
26 39 19
27 39 19
28 39 19
29 39 19
15 2 19
23 2 19
31 2 19
39 2 19
57 2 19
58 2 19
59 2 19
60 2 19
10 39 20
11 39 20
12 39 20
13 39 20
14 39 20
17 39 20
18 39 20
19 39 20
20 39 20
21 39 20
22 39 20
25 39 20
26 39 20
27 39 20
28 39 20
29 39 20
15 2 20
23 2 20
31 2 20
39 2 20
57 2 20
58 2 20
59 2 20
60 2 20
10 57 21
11 57 21
12 57 21
13 57 21
14 57 21
17 57 21
18 57 21
19 57 21
20 57 21
21 57 21
22 57 21
25 57 21
26 57 21
27 57 21
28 57 21
29 57 21
15 2 21
23 2 21
31 2 21
39 2 21
57 2 21
58 2 21
59 2 21
60 2 21
10 57 22
11 57 22
12 57 22
13 57 22
14 57 22
17 57 22
18 57 22
19 57 22
20 57 22
21 57 22
22 57 22
25 57 22
26 57 22
27 57 22
28 57 22
29 57 22
15 2 22
23 2 22
31 2 22
39 2 22
57 2 22
58 2 22
59 2 22
60 2 22
10 57 23
11 57 23
12 57 23
13 57 23
14 57 23
17 57 23
18 57 23
19 57 23
20 57 23
21 57 23
22 57 23
25 57 23
26 57 23
27 57 23
28 57 23
29 57 23
15 2 23
23 2 23
31 2 23
39 2 23
57 2 23
58 2 23
59 2 23
60 2 23
10 58 24
11 58 24
12 58 24
13 58 24
14 58 24
17 58 24
18 58 24
19 58 24
20 58 24
21 58 24
22 58 24
25 58 24
26 58 24
27 58 24
28 58 24
29 58 24
15 2 24
23 2 24
31 2 24
39 2 24
57 2 24
58 2 24
59 2 24
60 2 24
10 58 25
11 58 25
12 58 25
13 58 25
14 58 25
17 58 25
18 58 25
19 58 25
20 58 25
21 58 25
22 58 25
25 58 25
26 58 25
27 58 25
28 58 25
29 58 25
15 2 25
23 2 25
31 2 25
39 2 25
57 2 25
58 2 25
59 2 25
60 2 25
10 58 26
11 58 26
12 58 26
13 58 26
14 58 26
17 58 26
18 58 26
19 58 26
20 58 26
21 58 26
22 58 26
25 58 26
26 58 26
27 58 26
28 58 26
29 58 26
15 2 26
23 2 26
31 2 26
39 2 26
57 2 26
58 2 26
59 2 26
60 2 26
10 59 27
11 59 27
12 59 27
13 59 27
14 59 27
17 59 27
18 59 27
19 59 27
20 59 27
21 59 27
22 59 27
25 59 27
26 59 27
27 59 27
28 59 27
29 59 27
15 2 27
23 2 27
31 2 27
39 2 27
57 2 27
58 2 27
59 2 27
60 2 27
10 59 28
11 59 28
12 59 28
13 59 28
14 59 28
17 59 28
18 59 28
19 59 28
20 59 28
21 59 28
22 59 28
25 59 28
26 59 28
27 59 28
28 59 28
29 59 28
15 2 28
23 2 28
31 2 28
39 2 28
57 2 28
58 2 28
59 2 28
60 2 28
10 59 29
11 59 29
12 59 29
13 59 29
14 59 29
17 59 29
18 59 29
19 59 29
20 59 29
21 59 29
22 59 29
25 59 29
26 59 29
27 59 29
28 59 29
29 59 29
15 2 29
23 2 29
31 2 29
39 2 29
57 2 29
58 2 29
59 2 29
60 2 29
10 60 30
11 60 30
12 60 30
13 60 30
14 60 30
17 60 30
18 60 30
19 60 30
20 60 30
21 60 30
22 60 30
25 60 30
26 60 30
27 60 30
28 60 30
29 60 30
15 2 30
23 2 30
31 2 30
39 2 30
57 2 30
58 2 30
59 2 30
60 2 30
10 60 31
11 60 31
12 60 31
13 60 31
14 60 31
17 60 31
18 60 31
19 60 31
20 60 31
21 60 31
22 60 31
25 60 31
26 60 31
27 60 31
28 60 31
29 60 31
15 2 31
23 2 31
31 2 31
39 2 31
57 2 31
58 2 31
59 2 31
60 2 31
10 60 32
11 60 32
12 60 32
13 60 32
14 60 32
17 60 32
18 60 32
19 60 32
20 60 32
21 60 32
22 60 32
25 60 32
26 60 32
27 60 32
28 60 32
29 60 32
15 2 32
23 2 32
31 2 32
39 2 32
57 2 32
58 2 32
59 2 32
60 2 32
15 2 33
23 2 33
31 2 33
39 2 33
57 2 33
58 2 33
59 2 33
60 2 33
15 2 34
23 2 34
31 2 34
39 2 34
57 2 34
58 2 34
59 2 34
60 2 34
15 2 35
23 2 35
31 2 35
39 2 35
57 2 35
58 2 35
59 2 35
60 2 35
15 2 36
23 2 36
31 2 36
39 2 36
57 2 36
58 2 36
59 2 36
60 2 36
15 2 37
23 2 37
31 2 37
39 2 37
57 2 37
58 2 37
59 2 37
60 2 37
15 2 38
23 2 38
31 2 38
39 2 38
57 2 38
58 2 38
59 2 38
60 2 38
15 2 39
23 2 39
31 2 39
39 2 39
57 2 39
58 2 39
59 2 39
60 2 39
15 2 40
23 2 40
31 2 40
39 2 40
57 2 40
58 2 40
59 2 40
60 2 40
15 2 41
23 2 41
31 2 41
39 2 41
57 2 41
58 2 41
59 2 41
60 2 41
15 2 42
23 2 42
31 2 42
39 2 42
57 2 42
58 2 42
59 2 42
60 2 42
15 2 43
23 2 43
31 2 43
39 2 43
57 2 43
58 2 43
59 2 43
60 2 43
15 2 44
23 2 44
31 2 44
39 2 44
57 2 44
58 2 44
59 2 44
60 2 44
15 2 45
23 2 45
31 2 45
39 2 45
57 2 45
58 2 45
59 2 45
60 2 45
15 2 46
23 2 46
31 2 46
39 2 46
57 2 46
58 2 46
59 2 46
60 2 46
15 2 47
23 2 47
31 2 47
39 2 47
57 2 47
58 2 47
59 2 47
60 2 47
15 2 48
23 2 48
31 2 48
39 2 48
57 2 48
58 2 48
59 2 48
60 2 48
15 3 49
23 3 49
31 3 49
39 3 49
57 3 49
58 3 49
59 3 49
60 3 49
15 3 50
23 3 50
31 3 50
39 3 50
57 3 50
58 3 50
59 3 50
60 3 50
15 3 51
23 3 51
31 3 51
39 3 51
57 3 51
58 3 51
59 3 51
60 3 51
15 3 52
23 3 52
31 3 52
39 3 52
57 3 52
58 3 52
59 3 52
60 3 52
15 3 53
23 3 53
31 3 53
39 3 53
57 3 53
58 3 53
59 3 53
60 3 53
15 3 54
23 3 54
31 3 54
39 3 54
57 3 54
58 3 54
59 3 54
60 3 54
15 3 55
23 3 55
31 3 55
39 3 55
57 3 55
58 3 55
59 3 55
60 3 55
15 3 56
23 3 56
31 3 56
39 3 56
57 3 56
58 3 56
59 3 56
60 3 56
15 3 57
23 3 57
31 3 57
39 3 57
57 3 57
58 3 57
59 3 57
60 3 57
15 3 58
23 3 58
31 3 58
39 3 58
57 3 58
58 3 58
59 3 58
60 3 58
15 3 59
23 3 59
31 3 59
39 3 59
57 3 59
58 3 59
59 3 59
60 3 59
15 3 60
23 3 60
31 3 60
39 3 60
57 3 60
58 3 60
59 3 60
60 3 60
15 3 61
23 3 61
31 3 61
39 3 61
57 3 61
58 3 61
59 3 61
60 3 61
15 3 62
23 3 62
31 3 62
39 3 62
57 3 62
58 3 62
59 3 62
60 3 62
15 3 63
23 3 63
31 3 63
39 3 63
57 3 63
58 3 63
59 3 63
60 3 63
15 3 64
23 3 64
31 3 64
39 3 64
57 3 64
58 3 64
59 3 64
60 3 64
15 3 65
23 3 65
31 3 65
39 3 65
57 3 65
58 3 65
59 3 65
60 3 65
15 3 66
23 3 66
31 3 66
39 3 66
57 3 66
58 3 66
59 3 66
60 3 66
15 3 67
23 3 67
31 3 67
39 3 67
57 3 67
58 3 67
59 3 67
60 3 67
15 3 68
23 3 68
31 3 68
39 3 68
57 3 68
58 3 68
59 3 68
60 3 68
15 3 69
23 3 69
31 3 69
39 3 69
57 3 69
58 3 69
59 3 69
60 3 69
15 3 70
23 3 70
31 3 70
39 3 70
57 3 70
58 3 70
59 3 70
60 3 70
15 3 71
23 3 71
31 3 71
39 3 71
57 3 71
58 3 71
59 3 71
60 3 71
15 3 72
23 3 72
31 3 72
39 3 72
57 3 72
58 3 72
59 3 72
60 3 72
15 3 73
23 3 73
31 3 73
39 3 73
57 3 73
58 3 73
59 3 73
60 3 73
15 3 74
23 3 74
31 3 74
39 3 74
57 3 74
58 3 74
59 3 74
60 3 74
15 3 75
23 3 75
31 3 75
39 3 75
57 3 75
58 3 75
59 3 75
60 3 75
15 3 76
23 3 76
31 3 76
39 3 76
57 3 76
58 3 76
59 3 76
60 3 76
15 3 77
23 3 77
31 3 77
39 3 77
57 3 77
58 3 77
59 3 77
60 3 77
15 3 78
23 3 78
31 3 78
39 3 78
57 3 78
58 3 78
59 3 78
60 3 78
15 3 79
23 3 79
31 3 79
39 3 79
57 3 79
58 3 79
59 3 79
60 3 79
15 3 80
23 3 80
31 3 80
39 3 80
57 3 80
58 3 80
59 3 80
60 3 80
15 3 81
23 3 81
31 3 81
39 3 81
57 3 81
58 3 81
59 3 81
60 3 81
15 3 82
23 3 82
31 3 82
39 3 82
57 3 82
58 3 82
59 3 82
60 3 82
15 3 83
23 3 83
31 3 83
39 3 83
57 3 83
58 3 83
59 3 83
60 3 83
15 3 84
23 3 84
31 3 84
39 3 84
57 3 84
58 3 84
59 3 84
60 3 84
15 3 85
23 3 85
31 3 85
39 3 85
57 3 85
58 3 85
59 3 85
60 3 85
15 3 86
23 3 86
31 3 86
39 3 86
57 3 86
58 3 86
59 3 86
60 3 86
15 3 87
23 3 87
31 3 87
39 3 87
57 3 87
58 3 87
59 3 87
60 3 87
15 3 88
23 3 88
31 3 88
39 3 88
57 3 88
58 3 88
59 3 88
60 3 88
15 3 89
23 3 89
31 3 89
39 3 89
57 3 89
58 3 89
59 3 89
60 3 89
15 3 90
23 3 90
31 3 90
39 3 90
57 3 90
58 3 90
59 3 90
60 3 90
15 3 91
23 3 91
31 3 91
39 3 91
57 3 91
58 3 91
59 3 91
60 3 91
15 3 92
23 3 92
31 3 92
39 3 92
57 3 92
58 3 92
59 3 92
60 3 92
15 3 93
23 3 93
31 3 93
39 3 93
57 3 93
58 3 93
59 3 93
60 3 93
15 3 94
23 3 94
31 3 94
39 3 94
57 3 94
58 3 94
59 3 94
60 3 94
15 3 95
23 3 95
31 3 95
39 3 95
57 3 95
58 3 95
59 3 95
60 3 95
15 3 96
23 3 96
31 3 96
39 3 96
57 3 96
58 3 96
59 3 96
60 3 96
15 4 97
23 4 97
31 4 97
39 4 97
57 4 97
58 4 97
59 4 97
60 4 97
15 4 98
23 4 98
31 4 98
39 4 98
57 4 98
58 4 98
59 4 98
60 4 98
15 4 99
23 4 99
31 4 99
39 4 99
57 4 99
58 4 99
59 4 99
60 4 99
15 4 100
23 4 100
31 4 100
39 4 100
57 4 100
58 4 100
59 4 100
60 4 100
15 4 101
23 4 101
31 4 101
39 4 101
57 4 101
58 4 101
59 4 101
60 4 101
15 4 102
23 4 102
31 4 102
39 4 102
57 4 102
58 4 102
59 4 102
60 4 102
15 4 103
23 4 103
31 4 103
39 4 103
57 4 103
58 4 103
59 4 103
60 4 103
15 4 104
23 4 104
31 4 104
39 4 104
57 4 104
58 4 104
59 4 104
60 4 104
15 4 105
23 4 105
31 4 105
39 4 105
57 4 105
58 4 105
59 4 105
60 4 105
15 4 106
23 4 106
31 4 106
39 4 106
57 4 106
58 4 106
59 4 106
60 4 106
15 4 107
23 4 107
31 4 107
39 4 107
57 4 107
58 4 107
59 4 107
60 4 107
15 4 108
23 4 108
31 4 108
39 4 108
57 4 108
58 4 108
59 4 108
60 4 108
15 4 109
23 4 109
31 4 109
39 4 109
57 4 109
58 4 109
59 4 109
60 4 109
15 4 110
23 4 110
31 4 110
39 4 110
57 4 110
58 4 110
59 4 110
60 4 110
15 4 111
23 4 111
31 4 111
39 4 111
57 4 111
58 4 111
59 4 111
60 4 111
15 4 112
23 4 112
31 4 112
39 4 112
57 4 112
58 4 112
59 4 112
60 4 112
15 4 113
23 4 113
31 4 113
39 4 113
57 4 113
58 4 113
59 4 113
60 4 113
15 4 114
23 4 114
31 4 114
39 4 114
57 4 114
58 4 114
59 4 114
60 4 114
15 4 115
23 4 115
31 4 115
39 4 115
57 4 115
58 4 115
59 4 115
60 4 115
15 4 116
23 4 116
31 4 116
39 4 116
57 4 116
58 4 116
59 4 116
60 4 116
15 4 117
23 4 117
31 4 117
39 4 117
57 4 117
58 4 117
59 4 117
60 4 117
15 4 118
23 4 118
31 4 118
39 4 118
57 4 118
58 4 118
59 4 118
60 4 118
15 4 119
23 4 119
31 4 119
39 4 119
57 4 119
58 4 119
59 4 119
60 4 119
15 4 120
23 4 120
31 4 120
39 4 120
57 4 120
58 4 120
59 4 120
60 4 120
15 4 121
23 4 121
31 4 121
39 4 121
57 4 121
58 4 121
59 4 121
60 4 121
15 4 122
23 4 122
31 4 122
39 4 122
57 4 122
58 4 122
59 4 122
60 4 122
15 4 123
23 4 123
31 4 123
39 4 123
57 4 123
58 4 123
59 4 123
60 4 123
15 4 124
23 4 124
31 4 124
39 4 124
57 4 124
58 4 124
59 4 124
60 4 124
15 4 125
23 4 125
31 4 125
39 4 125
57 4 125
58 4 125
59 4 125
60 4 125
15 4 126
23 4 126
31 4 126
39 4 126
57 4 126
58 4 126
59 4 126
60 4 126
15 4 127
23 4 127
31 4 127
39 4 127
57 4 127
58 4 127
59 4 127
60 4 127
15 4 128
23 4 128
31 4 128
39 4 128
57 4 128
58 4 128
59 4 128
60 4 128
15 4 129
23 4 129
31 4 129
39 4 129
57 4 129
58 4 129
59 4 129
60 4 129
15 4 130
23 4 130
31 4 130
39 4 130
57 4 130
58 4 130
59 4 130
60 4 130
15 4 131
23 4 131
31 4 131
39 4 131
57 4 131
58 4 131
59 4 131
60 4 131
15 4 132
23 4 132
31 4 132
39 4 132
57 4 132
58 4 132
59 4 132
60 4 132
15 4 133
23 4 133
31 4 133
39 4 133
57 4 133
58 4 133
59 4 133
60 4 133
15 4 134
23 4 134
31 4 134
39 4 134
57 4 134
58 4 134
59 4 134
60 4 134
15 4 135
23 4 135
31 4 135
39 4 135
57 4 135
58 4 135
59 4 135
60 4 135
15 4 136
23 4 136
31 4 136
39 4 136
57 4 136
58 4 136
59 4 136
60 4 136
15 4 137
23 4 137
31 4 137
39 4 137
57 4 137
58 4 137
59 4 137
60 4 137
15 4 138
23 4 138
31 4 138
39 4 138
57 4 138
58 4 138
59 4 138
60 4 138
15 4 139
23 4 139
31 4 139
39 4 139
57 4 139
58 4 139
59 4 139
60 4 139
15 4 140
23 4 140
31 4 140
39 4 140
57 4 140
58 4 140
59 4 140
60 4 140
15 4 141
23 4 141
31 4 141
39 4 141
57 4 141
58 4 141
59 4 141
60 4 141
15 4 142
23 4 142
31 4 142
39 4 142
57 4 142
58 4 142
59 4 142
60 4 142
15 4 143
23 4 143
31 4 143
39 4 143
57 4 143
58 4 143
59 4 143
60 4 143
15 4 144
23 4 144
31 4 144
39 4 144
57 4 144
58 4 144
59 4 144
60 4 144
15 5 145
23 5 145
31 5 145
39 5 145
57 5 145
58 5 145
59 5 145
60 5 145
15 5 146
23 5 146
31 5 146
39 5 146
57 5 146
58 5 146
59 5 146
60 5 146
15 5 147
23 5 147
31 5 147
39 5 147
57 5 147
58 5 147
59 5 147
60 5 147
15 5 148
23 5 148
31 5 148
39 5 148
57 5 148
58 5 148
59 5 148
60 5 148
15 5 149
23 5 149
31 5 149
39 5 149
57 5 149
58 5 149
59 5 149
60 5 149
15 5 150
23 5 150
31 5 150
39 5 150
57 5 150
58 5 150
59 5 150
60 5 150
15 5 151
23 5 151
31 5 151
39 5 151
57 5 151
58 5 151
59 5 151
60 5 151
15 5 152
23 5 152
31 5 152
39 5 152
57 5 152
58 5 152
59 5 152
60 5 152
15 5 153
23 5 153
31 5 153
39 5 153
57 5 153
58 5 153
59 5 153
60 5 153
15 5 154
23 5 154
31 5 154
39 5 154
57 5 154
58 5 154
59 5 154
60 5 154
15 5 155
23 5 155
31 5 155
39 5 155
57 5 155
58 5 155
59 5 155
60 5 155
15 5 156
23 5 156
31 5 156
39 5 156
57 5 156
58 5 156
59 5 156
60 5 156
15 5 157
23 5 157
31 5 157
39 5 157
57 5 157
58 5 157
59 5 157
60 5 157
15 5 158
23 5 158
31 5 158
39 5 158
57 5 158
58 5 158
59 5 158
60 5 158
15 5 159
23 5 159
31 5 159
39 5 159
57 5 159
58 5 159
59 5 159
60 5 159
15 5 160
23 5 160
31 5 160
39 5 160
57 5 160
58 5 160
59 5 160
60 5 160
15 5 161
23 5 161
31 5 161
39 5 161
57 5 161
58 5 161
59 5 161
60 5 161
15 5 162
23 5 162
31 5 162
39 5 162
57 5 162
58 5 162
59 5 162
60 5 162
15 5 163
23 5 163
31 5 163
39 5 163
57 5 163
58 5 163
59 5 163
60 5 163
15 5 164
23 5 164
31 5 164
39 5 164
57 5 164
58 5 164
59 5 164
60 5 164
15 5 165
23 5 165
31 5 165
39 5 165
57 5 165
58 5 165
59 5 165
60 5 165
15 5 166
23 5 166
31 5 166
39 5 166
57 5 166
58 5 166
59 5 166
60 5 166
15 5 167
23 5 167
31 5 167
39 5 167
57 5 167
58 5 167
59 5 167
60 5 167
15 5 168
23 5 168
31 5 168
39 5 168
57 5 168
58 5 168
59 5 168
60 5 168
15 5 169
23 5 169
31 5 169
39 5 169
57 5 169
58 5 169
59 5 169
60 5 169
15 5 170
23 5 170
31 5 170
39 5 170
57 5 170
58 5 170
59 5 170
60 5 170
15 5 171
23 5 171
31 5 171
39 5 171
57 5 171
58 5 171
59 5 171
60 5 171
15 5 172
23 5 172
31 5 172
39 5 172
57 5 172
58 5 172
59 5 172
60 5 172
15 5 173
23 5 173
31 5 173
39 5 173
57 5 173
58 5 173
59 5 173
60 5 173
15 5 174
23 5 174
31 5 174
39 5 174
57 5 174
58 5 174
59 5 174
60 5 174
15 5 175
23 5 175
31 5 175
39 5 175
57 5 175
58 5 175
59 5 175
60 5 175
15 5 176
23 5 176
31 5 176
39 5 176
57 5 176
58 5 176
59 5 176
60 5 176
15 5 177
23 5 177
31 5 177
39 5 177
57 5 177
58 5 177
59 5 177
60 5 177
15 5 178
23 5 178
31 5 178
39 5 178
57 5 178
58 5 178
59 5 178
60 5 178
15 5 179
23 5 179
31 5 179
39 5 179
57 5 179
58 5 179
59 5 179
60 5 179
15 5 180
23 5 180
31 5 180
39 5 180
57 5 180
58 5 180
59 5 180
60 5 180
15 5 181
23 5 181
31 5 181
39 5 181
57 5 181
58 5 181
59 5 181
60 5 181
15 5 182
23 5 182
31 5 182
39 5 182
57 5 182
58 5 182
59 5 182
60 5 182
15 5 183
23 5 183
31 5 183
39 5 183
57 5 183
58 5 183
59 5 183
60 5 183
15 5 184
23 5 184
31 5 184
39 5 184
57 5 184
58 5 184
59 5 184
60 5 184
15 5 185
23 5 185
31 5 185
39 5 185
57 5 185
58 5 185
59 5 185
60 5 185
15 5 186
23 5 186
31 5 186
39 5 186
57 5 186
58 5 186
59 5 186
60 5 186
15 5 187
23 5 187
31 5 187
39 5 187
57 5 187
58 5 187
59 5 187
60 5 187
15 5 188
23 5 188
31 5 188
39 5 188
57 5 188
58 5 188
59 5 188
60 5 188
15 5 189
23 5 189
31 5 189
39 5 189
57 5 189
58 5 189
59 5 189
60 5 189
15 5 190
23 5 190
31 5 190
39 5 190
57 5 190
58 5 190
59 5 190
60 5 190
15 5 191
23 5 191
31 5 191
39 5 191
57 5 191
58 5 191
59 5 191
60 5 191
15 5 192
23 5 192
31 5 192
39 5 192
57 5 192
58 5 192
59 5 192
60 5 192
15 16 193
23 16 193
31 16 193
39 16 193
57 16 193
58 16 193
59 16 193
60 16 193
15 16 194
23 16 194
31 16 194
39 16 194
57 16 194
58 16 194
59 16 194
60 16 194
15 16 195
23 16 195
31 16 195
39 16 195
57 16 195
58 16 195
59 16 195
60 16 195
15 16 196
23 16 196
31 16 196
39 16 196
57 16 196
58 16 196
59 16 196
60 16 196
15 16 197
23 16 197
31 16 197
39 16 197
57 16 197
58 16 197
59 16 197
60 16 197
15 16 198
23 16 198
31 16 198
39 16 198
57 16 198
58 16 198
59 16 198
60 16 198
15 16 199
23 16 199
31 16 199
39 16 199
57 16 199
58 16 199
59 16 199
60 16 199
15 16 200
23 16 200
31 16 200
39 16 200
57 16 200
58 16 200
59 16 200
60 16 200
15 16 201
23 16 201
31 16 201
39 16 201
57 16 201
58 16 201
59 16 201
60 16 201
15 16 202
23 16 202
31 16 202
39 16 202
57 16 202
58 16 202
59 16 202
60 16 202
15 16 203
23 16 203
31 16 203
39 16 203
57 16 203
58 16 203
59 16 203
60 16 203
15 16 204
23 16 204
31 16 204
39 16 204
57 16 204
58 16 204
59 16 204
60 16 204
15 16 205
23 16 205
31 16 205
39 16 205
57 16 205
58 16 205
59 16 205
60 16 205
15 16 206
23 16 206
31 16 206
39 16 206
57 16 206
58 16 206
59 16 206
60 16 206
15 16 207
23 16 207
31 16 207
39 16 207
57 16 207
58 16 207
59 16 207
60 16 207
15 16 208
23 16 208
31 16 208
39 16 208
57 16 208
58 16 208
59 16 208
60 16 208
15 16 209
23 16 209
31 16 209
39 16 209
57 16 209
58 16 209
59 16 209
60 16 209
15 16 210
23 16 210
31 16 210
39 16 210
57 16 210
58 16 210
59 16 210
60 16 210
15 16 211
23 16 211
31 16 211
39 16 211
57 16 211
58 16 211
59 16 211
60 16 211
15 16 212
23 16 212
31 16 212
39 16 212
57 16 212
58 16 212
59 16 212
60 16 212
15 16 213
23 16 213
31 16 213
39 16 213
57 16 213
58 16 213
59 16 213
60 16 213
15 16 214
23 16 214
31 16 214
39 16 214
57 16 214
58 16 214
59 16 214
60 16 214
15 16 215
23 16 215
31 16 215
39 16 215
57 16 215
58 16 215
59 16 215
60 16 215
15 16 216
23 16 216
31 16 216
39 16 216
57 16 216
58 16 216
59 16 216
60 16 216
15 16 217
23 16 217
31 16 217
39 16 217
57 16 217
58 16 217
59 16 217
60 16 217
15 16 218
23 16 218
31 16 218
39 16 218
57 16 218
58 16 218
59 16 218
60 16 218
15 16 219
23 16 219
31 16 219
39 16 219
57 16 219
58 16 219
59 16 219
60 16 219
15 16 220
23 16 220
31 16 220
39 16 220
57 16 220
58 16 220
59 16 220
60 16 220
15 16 221
23 16 221
31 16 221
39 16 221
57 16 221
58 16 221
59 16 221
60 16 221
15 16 222
23 16 222
31 16 222
39 16 222
57 16 222
58 16 222
59 16 222
60 16 222
15 16 223
23 16 223
31 16 223
39 16 223
57 16 223
58 16 223
59 16 223
60 16 223
15 16 224
23 16 224
31 16 224
39 16 224
57 16 224
58 16 224
59 16 224
60 16 224
15 16 225
23 16 225
31 16 225
39 16 225
57 16 225
58 16 225
59 16 225
60 16 225
15 16 226
23 16 226
31 16 226
39 16 226
57 16 226
58 16 226
59 16 226
60 16 226
15 16 227
23 16 227
31 16 227
39 16 227
57 16 227
58 16 227
59 16 227
60 16 227
15 16 228
23 16 228
31 16 228
39 16 228
57 16 228
58 16 228
59 16 228
60 16 228
15 16 229
23 16 229
31 16 229
39 16 229
57 16 229
58 16 229
59 16 229
60 16 229
15 16 230
23 16 230
31 16 230
39 16 230
57 16 230
58 16 230
59 16 230
60 16 230
15 16 231
23 16 231
31 16 231
39 16 231
57 16 231
58 16 231
59 16 231
60 16 231
15 16 232
23 16 232
31 16 232
39 16 232
57 16 232
58 16 232
59 16 232
60 16 232
15 16 233
23 16 233
31 16 233
39 16 233
57 16 233
58 16 233
59 16 233
60 16 233
15 16 234
23 16 234
31 16 234
39 16 234
57 16 234
58 16 234
59 16 234
60 16 234
15 16 235
23 16 235
31 16 235
39 16 235
57 16 235
58 16 235
59 16 235
60 16 235
15 16 236
23 16 236
31 16 236
39 16 236
57 16 236
58 16 236
59 16 236
60 16 236
15 16 237
23 16 237
31 16 237
39 16 237
57 16 237
58 16 237
59 16 237
60 16 237
15 16 238
23 16 238
31 16 238
39 16 238
57 16 238
58 16 238
59 16 238
60 16 238
15 16 239
23 16 239
31 16 239
39 16 239
57 16 239
58 16 239
59 16 239
60 16 239
15 16 240
23 16 240
31 16 240
39 16 240
57 16 240
58 16 240
59 16 240
60 16 240
15 24 241
23 24 241
31 24 241
39 24 241
57 24 241
58 24 241
59 24 241
60 24 241
15 24 242
23 24 242
31 24 242
39 24 242
57 24 242
58 24 242
59 24 242
60 24 242
15 24 243
23 24 243
31 24 243
39 24 243
57 24 243
58 24 243
59 24 243
60 24 243
15 24 244
23 24 244
31 24 244
39 24 244
57 24 244
58 24 244
59 24 244
60 24 244
15 24 245
23 24 245
31 24 245
39 24 245
57 24 245
58 24 245
59 24 245
60 24 245
15 24 246
23 24 246
31 24 246
39 24 246
57 24 246
58 24 246
59 24 246
60 24 246
15 24 247
23 24 247
31 24 247
39 24 247
57 24 247
58 24 247
59 24 247
60 24 247
15 24 248
23 24 248
31 24 248
39 24 248
57 24 248
58 24 248
59 24 248
60 24 248
15 24 249
23 24 249
31 24 249
39 24 249
57 24 249
58 24 249
59 24 249
60 24 249
15 24 250
23 24 250
31 24 250
39 24 250
57 24 250
58 24 250
59 24 250
60 24 250
15 24 251
23 24 251
31 24 251
39 24 251
57 24 251
58 24 251
59 24 251
60 24 251
15 24 252
23 24 252
31 24 252
39 24 252
57 24 252
58 24 252
59 24 252
60 24 252
15 24 253
23 24 253
31 24 253
39 24 253
57 24 253
58 24 253
59 24 253
60 24 253
15 24 254
23 24 254
31 24 254
39 24 254
57 24 254
58 24 254
59 24 254
60 24 254
15 24 255
23 24 255
31 24 255
39 24 255
57 24 255
58 24 255
59 24 255
60 24 255
15 24 256
23 24 256
31 24 256
39 24 256
57 24 256
58 24 256
59 24 256
60 24 256
15 24 257
23 24 257
31 24 257
39 24 257
57 24 257
58 24 257
59 24 257
60 24 257
15 24 258
23 24 258
31 24 258
39 24 258
57 24 258
58 24 258
59 24 258
60 24 258
15 24 259
23 24 259
31 24 259
39 24 259
57 24 259
58 24 259
59 24 259
60 24 259
15 24 260
23 24 260
31 24 260
39 24 260
57 24 260
58 24 260
59 24 260
60 24 260
15 24 261
23 24 261
31 24 261
39 24 261
57 24 261
58 24 261
59 24 261
60 24 261
15 24 262
23 24 262
31 24 262
39 24 262
57 24 262
58 24 262
59 24 262
60 24 262
15 24 263
23 24 263
31 24 263
39 24 263
57 24 263
58 24 263
59 24 263
60 24 263
15 24 264
23 24 264
31 24 264
39 24 264
57 24 264
58 24 264
59 24 264
60 24 264
15 24 265
23 24 265
31 24 265
39 24 265
57 24 265
58 24 265
59 24 265
60 24 265
15 24 266
23 24 266
31 24 266
39 24 266
57 24 266
58 24 266
59 24 266
60 24 266
15 24 267
23 24 267
31 24 267
39 24 267
57 24 267
58 24 267
59 24 267
60 24 267
15 24 268
23 24 268
31 24 268
39 24 268
57 24 268
58 24 268
59 24 268
60 24 268
15 24 269
23 24 269
31 24 269
39 24 269
57 24 269
58 24 269
59 24 269
60 24 269
15 24 270
23 24 270
31 24 270
39 24 270
57 24 270
58 24 270
59 24 270
60 24 270
15 24 271
23 24 271
31 24 271
39 24 271
57 24 271
58 24 271
59 24 271
60 24 271
15 24 272
23 24 272
31 24 272
39 24 272
57 24 272
58 24 272
59 24 272
60 24 272
15 24 273
23 24 273
31 24 273
39 24 273
57 24 273
58 24 273
59 24 273
60 24 273
15 24 274
23 24 274
31 24 274
39 24 274
57 24 274
58 24 274
59 24 274
60 24 274
15 24 275
23 24 275
31 24 275
39 24 275
57 24 275
58 24 275
59 24 275
60 24 275
15 24 276
23 24 276
31 24 276
39 24 276
57 24 276
58 24 276
59 24 276
60 24 276
15 24 277
23 24 277
31 24 277
39 24 277
57 24 277
58 24 277
59 24 277
60 24 277
15 24 278
23 24 278
31 24 278
39 24 278
57 24 278
58 24 278
59 24 278
60 24 278
15 24 279
23 24 279
31 24 279
39 24 279
57 24 279
58 24 279
59 24 279
60 24 279
15 24 280
23 24 280
31 24 280
39 24 280
57 24 280
58 24 280
59 24 280
60 24 280
15 24 281
23 24 281
31 24 281
39 24 281
57 24 281
58 24 281
59 24 281
60 24 281
15 24 282
23 24 282
31 24 282
39 24 282
57 24 282
58 24 282
59 24 282
60 24 282
15 24 283
23 24 283
31 24 283
39 24 283
57 24 283
58 24 283
59 24 283
60 24 283
15 24 284
23 24 284
31 24 284
39 24 284
57 24 284
58 24 284
59 24 284
60 24 284
15 24 285
23 24 285
31 24 285
39 24 285
57 24 285
58 24 285
59 24 285
60 24 285
15 24 286
23 24 286
31 24 286
39 24 286
57 24 286
58 24 286
59 24 286
60 24 286
15 24 287
23 24 287
31 24 287
39 24 287
57 24 287
58 24 287
59 24 287
60 24 287
15 24 288
23 24 288
31 24 288
39 24 288
57 24 288
58 24 288
59 24 288
60 24 288
15 32 289
23 32 289
31 32 289
39 32 289
57 32 289
58 32 289
59 32 289
60 32 289
15 32 290
23 32 290
31 32 290
39 32 290
57 32 290
58 32 290
59 32 290
60 32 290
15 32 291
23 32 291
31 32 291
39 32 291
57 32 291
58 32 291
59 32 291
60 32 291
15 32 292
23 32 292
31 32 292
39 32 292
57 32 292
58 32 292
59 32 292
60 32 292
15 32 293
23 32 293
31 32 293
39 32 293
57 32 293
58 32 293
59 32 293
60 32 293
15 32 294
23 32 294
31 32 294
39 32 294
57 32 294
58 32 294
59 32 294
60 32 294
15 32 295
23 32 295
31 32 295
39 32 295
57 32 295
58 32 295
59 32 295
60 32 295
15 32 296
23 32 296
31 32 296
39 32 296
57 32 296
58 32 296
59 32 296
60 32 296
15 32 297
23 32 297
31 32 297
39 32 297
57 32 297
58 32 297
59 32 297
60 32 297
15 32 298
23 32 298
31 32 298
39 32 298
57 32 298
58 32 298
59 32 298
60 32 298
15 32 299
23 32 299
31 32 299
39 32 299
57 32 299
58 32 299
59 32 299
60 32 299
15 32 300
23 32 300
31 32 300
39 32 300
57 32 300
58 32 300
59 32 300
60 32 300
15 32 301
23 32 301
31 32 301
39 32 301
57 32 301
58 32 301
59 32 301
60 32 301
15 32 302
23 32 302
31 32 302
39 32 302
57 32 302
58 32 302
59 32 302
60 32 302
15 32 303
23 32 303
31 32 303
39 32 303
57 32 303
58 32 303
59 32 303
60 32 303
15 32 304
23 32 304
31 32 304
39 32 304
57 32 304
58 32 304
59 32 304
60 32 304
15 32 305
23 32 305
31 32 305
39 32 305
57 32 305
58 32 305
59 32 305
60 32 305
15 32 306
23 32 306
31 32 306
39 32 306
57 32 306
58 32 306
59 32 306
60 32 306
15 32 307
23 32 307
31 32 307
39 32 307
57 32 307
58 32 307
59 32 307
60 32 307
15 32 308
23 32 308
31 32 308
39 32 308
57 32 308
58 32 308
59 32 308
60 32 308
15 32 309
23 32 309
31 32 309
39 32 309
57 32 309
58 32 309
59 32 309
60 32 309
15 32 310
23 32 310
31 32 310
39 32 310
57 32 310
58 32 310
59 32 310
60 32 310
15 32 311
23 32 311
31 32 311
39 32 311
57 32 311
58 32 311
59 32 311
60 32 311
15 32 312
23 32 312
31 32 312
39 32 312
57 32 312
58 32 312
59 32 312
60 32 312
15 32 313
23 32 313
31 32 313
39 32 313
57 32 313
58 32 313
59 32 313
60 32 313
15 32 314
23 32 314
31 32 314
39 32 314
57 32 314
58 32 314
59 32 314
60 32 314
15 32 315
23 32 315
31 32 315
39 32 315
57 32 315
58 32 315
59 32 315
60 32 315
15 32 316
23 32 316
31 32 316
39 32 316
57 32 316
58 32 316
59 32 316
60 32 316
15 32 317
23 32 317
31 32 317
39 32 317
57 32 317
58 32 317
59 32 317
60 32 317
15 32 318
23 32 318
31 32 318
39 32 318
57 32 318
58 32 318
59 32 318
60 32 318
15 32 319
23 32 319
31 32 319
39 32 319
57 32 319
58 32 319
59 32 319
60 32 319
15 32 320
23 32 320
31 32 320
39 32 320
57 32 320
58 32 320
59 32 320
60 32 320
15 32 321
23 32 321
31 32 321
39 32 321
57 32 321
58 32 321
59 32 321
60 32 321
15 32 322
23 32 322
31 32 322
39 32 322
57 32 322
58 32 322
59 32 322
60 32 322
15 32 323
23 32 323
31 32 323
39 32 323
57 32 323
58 32 323
59 32 323
60 32 323
15 32 324
23 32 324
31 32 324
39 32 324
57 32 324
58 32 324
59 32 324
60 32 324
15 32 325
23 32 325
31 32 325
39 32 325
57 32 325
58 32 325
59 32 325
60 32 325
15 32 326
23 32 326
31 32 326
39 32 326
57 32 326
58 32 326
59 32 326
60 32 326
15 32 327
23 32 327
31 32 327
39 32 327
57 32 327
58 32 327
59 32 327
60 32 327
15 32 328
23 32 328
31 32 328
39 32 328
57 32 328
58 32 328
59 32 328
60 32 328
15 32 329
23 32 329
31 32 329
39 32 329
57 32 329
58 32 329
59 32 329
60 32 329
15 32 330
23 32 330
31 32 330
39 32 330
57 32 330
58 32 330
59 32 330
60 32 330
15 32 331
23 32 331
31 32 331
39 32 331
57 32 331
58 32 331
59 32 331
60 32 331
15 32 332
23 32 332
31 32 332
39 32 332
57 32 332
58 32 332
59 32 332
60 32 332
15 32 333
23 32 333
31 32 333
39 32 333
57 32 333
58 32 333
59 32 333
60 32 333
15 32 334
23 32 334
31 32 334
39 32 334
57 32 334
58 32 334
59 32 334
60 32 334
15 32 335
23 32 335
31 32 335
39 32 335
57 32 335
58 32 335
59 32 335
60 32 335
15 32 336
23 32 336
31 32 336
39 32 336
57 32 336
58 32 336
59 32 336
60 32 336
15 40 337
23 40 337
31 40 337
39 40 337
57 40 337
58 40 337
59 40 337
60 40 337
15 40 338
23 40 338
31 40 338
39 40 338
57 40 338
58 40 338
59 40 338
60 40 338
15 40 339
23 40 339
31 40 339
39 40 339
57 40 339
58 40 339
59 40 339
60 40 339
15 40 340
23 40 340
31 40 340
39 40 340
57 40 340
58 40 340
59 40 340
60 40 340
15 40 341
23 40 341
31 40 341
39 40 341
57 40 341
58 40 341
59 40 341
60 40 341
15 40 342
23 40 342
31 40 342
39 40 342
57 40 342
58 40 342
59 40 342
60 40 342
15 40 343
23 40 343
31 40 343
39 40 343
57 40 343
58 40 343
59 40 343
60 40 343
15 40 344
23 40 344
31 40 344
39 40 344
57 40 344
58 40 344
59 40 344
60 40 344
15 40 345
23 40 345
31 40 345
39 40 345
57 40 345
58 40 345
59 40 345
60 40 345
15 40 346
23 40 346
31 40 346
39 40 346
57 40 346
58 40 346
59 40 346
60 40 346
15 40 347
23 40 347
31 40 347
39 40 347
57 40 347
58 40 347
59 40 347
60 40 347
15 40 348
23 40 348
31 40 348
39 40 348
57 40 348
58 40 348
59 40 348
60 40 348
15 40 349
23 40 349
31 40 349
39 40 349
57 40 349
58 40 349
59 40 349
60 40 349
15 40 350
23 40 350
31 40 350
39 40 350
57 40 350
58 40 350
59 40 350
60 40 350
15 40 351
23 40 351
31 40 351
39 40 351
57 40 351
58 40 351
59 40 351
60 40 351
15 40 352
23 40 352
31 40 352
39 40 352
57 40 352
58 40 352
59 40 352
60 40 352
15 40 353
23 40 353
31 40 353
39 40 353
57 40 353
58 40 353
59 40 353
60 40 353
15 40 354
23 40 354
31 40 354
39 40 354
57 40 354
58 40 354
59 40 354
60 40 354
15 40 355
23 40 355
31 40 355
39 40 355
57 40 355
58 40 355
59 40 355
60 40 355
15 40 356
23 40 356
31 40 356
39 40 356
57 40 356
58 40 356
59 40 356
60 40 356
15 40 357
23 40 357
31 40 357
39 40 357
57 40 357
58 40 357
59 40 357
60 40 357
15 40 358
23 40 358
31 40 358
39 40 358
57 40 358
58 40 358
59 40 358
60 40 358
15 40 359
23 40 359
31 40 359
39 40 359
57 40 359
58 40 359
59 40 359
60 40 359
15 40 360
23 40 360
31 40 360
39 40 360
57 40 360
58 40 360
59 40 360
60 40 360
15 40 361
23 40 361
31 40 361
39 40 361
57 40 361
58 40 361
59 40 361
60 40 361
15 40 362
23 40 362
31 40 362
39 40 362
57 40 362
58 40 362
59 40 362
60 40 362
15 40 363
23 40 363
31 40 363
39 40 363
57 40 363
58 40 363
59 40 363
60 40 363
15 40 364
23 40 364
31 40 364
39 40 364
57 40 364
58 40 364
59 40 364
60 40 364
15 40 365
23 40 365
31 40 365
39 40 365
57 40 365
58 40 365
59 40 365
60 40 365
15 40 366
23 40 366
31 40 366
39 40 366
57 40 366
58 40 366
59 40 366
60 40 366
15 40 367
23 40 367
31 40 367
39 40 367
57 40 367
58 40 367
59 40 367
60 40 367
15 40 368
23 40 368
31 40 368
39 40 368
57 40 368
58 40 368
59 40 368
60 40 368
15 40 369
23 40 369
31 40 369
39 40 369
57 40 369
58 40 369
59 40 369
60 40 369
15 40 370
23 40 370
31 40 370
39 40 370
57 40 370
58 40 370
59 40 370
60 40 370
15 40 371
23 40 371
31 40 371
39 40 371
57 40 371
58 40 371
59 40 371
60 40 371
15 40 372
23 40 372
31 40 372
39 40 372
57 40 372
58 40 372
59 40 372
60 40 372
15 40 373
23 40 373
31 40 373
39 40 373
57 40 373
58 40 373
59 40 373
60 40 373
15 40 374
23 40 374
31 40 374
39 40 374
57 40 374
58 40 374
59 40 374
60 40 374
15 40 375
23 40 375
31 40 375
39 40 375
57 40 375
58 40 375
59 40 375
60 40 375
15 40 376
23 40 376
31 40 376
39 40 376
57 40 376
58 40 376
59 40 376
60 40 376
15 40 377
23 40 377
31 40 377
39 40 377
57 40 377
58 40 377
59 40 377
60 40 377
15 40 378
23 40 378
31 40 378
39 40 378
57 40 378
58 40 378
59 40 378
60 40 378
15 40 379
23 40 379
31 40 379
39 40 379
57 40 379
58 40 379
59 40 379
60 40 379
15 40 380
23 40 380
31 40 380
39 40 380
57 40 380
58 40 380
59 40 380
60 40 380
15 40 381
23 40 381
31 40 381
39 40 381
57 40 381
58 40 381
59 40 381
60 40 381
15 40 382
23 40 382
31 40 382
39 40 382
57 40 382
58 40 382
59 40 382
60 40 382
15 40 383
23 40 383
31 40 383
39 40 383
57 40 383
58 40 383
59 40 383
60 40 383
15 40 384
23 40 384
31 40 384
39 40 384
57 40 384
58 40 384
59 40 384
60 40 384
