28 3 1
29 3 1
30 3 1
33 3 1
34 3 1
35 3 1
36 3 1
37 3 1
38 3 1
41 3 1
42 3 1
43 3 1
44 3 1
45 3 1
46 3 1
49 3 1
31 3 1
39 3 1
47 3 1
55 3 1
59 3 1
60 3 1
61 3 1
62 3 1
28 4 2
29 4 2
30 4 2
33 4 2
34 4 2
35 4 2
36 4 2
37 4 2
38 4 2
41 4 2
42 4 2
43 4 2
44 4 2
45 4 2
46 4 2
49 4 2
31 3 2
39 3 2
47 3 2
55 3 2
59 3 2
60 3 2
61 3 2
62 3 2
28 5 3
29 5 3
30 5 3
33 5 3
34 5 3
35 5 3
36 5 3
37 5 3
38 5 3
41 5 3
42 5 3
43 5 3
44 5 3
45 5 3
46 5 3
49 5 3
31 3 3
39 3 3
47 3 3
55 3 3
59 3 3
60 3 3
61 3 3
62 3 3
28 6 4
29 6 4
30 6 4
33 6 4
34 6 4
35 6 4
36 6 4
37 6 4
38 6 4
41 6 4
42 6 4
43 6 4
44 6 4
45 6 4
46 6 4
49 6 4
31 3 4
39 3 4
47 3 4
55 3 4
59 3 4
60 3 4
61 3 4
62 3 4
28 8 5
29 8 5
30 8 5
33 8 5
34 8 5
35 8 5
36 8 5
37 8 5
38 8 5
41 8 5
42 8 5
43 8 5
44 8 5
45 8 5
46 8 5
49 8 5
31 3 5
39 3 5
47 3 5
55 3 5
59 3 5
60 3 5
61 3 5
62 3 5
28 16 6
29 16 6
30 16 6
33 16 6
34 16 6
35 16 6
36 16 6
37 16 6
38 16 6
41 16 6
42 16 6
43 16 6
44 16 6
45 16 6
46 16 6
49 16 6
31 3 6
39 3 6
47 3 6
55 3 6
59 3 6
60 3 6
61 3 6
62 3 6
28 24 7
29 24 7
30 24 7
33 24 7
34 24 7
35 24 7
36 24 7
37 24 7
38 24 7
41 24 7
42 24 7
43 24 7
44 24 7
45 24 7
46 24 7
49 24 7
31 3 7
39 3 7
47 3 7
55 3 7
59 3 7
60 3 7
61 3 7
62 3 7
28 32 8
29 32 8
30 32 8
33 32 8
34 32 8
35 32 8
36 32 8
37 32 8
38 32 8
41 32 8
42 32 8
43 32 8
44 32 8
45 32 8
46 32 8
49 32 8
31 3 8
39 3 8
47 3 8
55 3 8
59 3 8
60 3 8
61 3 8
62 3 8
28 31 9
29 31 9
30 31 9
33 31 9
34 31 9
35 31 9
36 31 9
37 31 9
38 31 9
41 31 9
42 31 9
43 31 9
44 31 9
45 31 9
46 31 9
49 31 9
31 3 9
39 3 9
47 3 9
55 3 9
59 3 9
60 3 9
61 3 9
62 3 9
28 31 10
29 31 10
30 31 10
33 31 10
34 31 10
35 31 10
36 31 10
37 31 10
38 31 10
41 31 10
42 31 10
43 31 10
44 31 10
45 31 10
46 31 10
49 31 10
31 3 10
39 3 10
47 3 10
55 3 10
59 3 10
60 3 10
61 3 10
62 3 10
28 31 11
29 31 11
30 31 11
33 31 11
34 31 11
35 31 11
36 31 11
37 31 11
38 31 11
41 31 11
42 31 11
43 31 11
44 31 11
45 31 11
46 31 11
49 31 11
31 3 11
39 3 11
47 3 11
55 3 11
59 3 11
60 3 11
61 3 11
62 3 11
28 39 12
29 39 12
30 39 12
33 39 12
34 39 12
35 39 12
36 39 12
37 39 12
38 39 12
41 39 12
42 39 12
43 39 12
44 39 12
45 39 12
46 39 12
49 39 12
31 3 12
39 3 12
47 3 12
55 3 12
59 3 12
60 3 12
61 3 12
62 3 12
28 39 13
29 39 13
30 39 13
33 39 13
34 39 13
35 39 13
36 39 13
37 39 13
38 39 13
41 39 13
42 39 13
43 39 13
44 39 13
45 39 13
46 39 13
49 39 13
31 3 13
39 3 13
47 3 13
55 3 13
59 3 13
60 3 13
61 3 13
62 3 13
28 39 14
29 39 14
30 39 14
33 39 14
34 39 14
35 39 14
36 39 14
37 39 14
38 39 14
41 39 14
42 39 14
43 39 14
44 39 14
45 39 14
46 39 14
49 39 14
31 3 14
39 3 14
47 3 14
55 3 14
59 3 14
60 3 14
61 3 14
62 3 14
28 47 15
29 47 15
30 47 15
33 47 15
34 47 15
35 47 15
36 47 15
37 47 15
38 47 15
41 47 15
42 47 15
43 47 15
44 47 15
45 47 15
46 47 15
49 47 15
31 3 15
39 3 15
47 3 15
55 3 15
59 3 15
60 3 15
61 3 15
62 3 15
28 47 16
29 47 16
30 47 16
33 47 16
34 47 16
35 47 16
36 47 16
37 47 16
38 47 16
41 47 16
42 47 16
43 47 16
44 47 16
45 47 16
46 47 16
49 47 16
31 3 16
39 3 16
47 3 16
55 3 16
59 3 16
60 3 16
61 3 16
62 3 16
28 47 17
29 47 17
30 47 17
33 47 17
34 47 17
35 47 17
36 47 17
37 47 17
38 47 17
41 47 17
42 47 17
43 47 17
44 47 17
45 47 17
46 47 17
49 47 17
31 3 17
39 3 17
47 3 17
55 3 17
59 3 17
60 3 17
61 3 17
62 3 17
28 55 18
29 55 18
30 55 18
33 55 18
34 55 18
35 55 18
36 55 18
37 55 18
38 55 18
41 55 18
42 55 18
43 55 18
44 55 18
45 55 18
46 55 18
49 55 18
31 3 18
39 3 18
47 3 18
55 3 18
59 3 18
60 3 18
61 3 18
62 3 18
28 55 19
29 55 19
30 55 19
33 55 19
34 55 19
35 55 19
36 55 19
37 55 19
38 55 19
41 55 19
42 55 19
43 55 19
44 55 19
45 55 19
46 55 19
49 55 19
31 3 19
39 3 19
47 3 19
55 3 19
59 3 19
60 3 19
61 3 19
62 3 19
28 55 20
29 55 20
30 55 20
33 55 20
34 55 20
35 55 20
36 55 20
37 55 20
38 55 20
41 55 20
42 55 20
43 55 20
44 55 20
45 55 20
46 55 20
49 55 20
31 3 20
39 3 20
47 3 20
55 3 20
59 3 20
60 3 20
61 3 20
62 3 20
28 59 21
29 59 21
30 59 21
33 59 21
34 59 21
35 59 21
36 59 21
37 59 21
38 59 21
41 59 21
42 59 21
43 59 21
44 59 21
45 59 21
46 59 21
49 59 21
31 3 21
39 3 21
47 3 21
55 3 21
59 3 21
60 3 21
61 3 21
62 3 21
28 59 22
29 59 22
30 59 22
33 59 22
34 59 22
35 59 22
36 59 22
37 59 22
38 59 22
41 59 22
42 59 22
43 59 22
44 59 22
45 59 22
46 59 22
49 59 22
31 3 22
39 3 22
47 3 22
55 3 22
59 3 22
60 3 22
61 3 22
62 3 22
28 59 23
29 59 23
30 59 23
33 59 23
34 59 23
35 59 23
36 59 23
37 59 23
38 59 23
41 59 23
42 59 23
43 59 23
44 59 23
45 59 23
46 59 23
49 59 23
31 3 23
39 3 23
47 3 23
55 3 23
59 3 23
60 3 23
61 3 23
62 3 23
28 60 24
29 60 24
30 60 24
33 60 24
34 60 24
35 60 24
36 60 24
37 60 24
38 60 24
41 60 24
42 60 24
43 60 24
44 60 24
45 60 24
46 60 24
49 60 24
31 3 24
39 3 24
47 3 24
55 3 24
59 3 24
60 3 24
61 3 24
62 3 24
28 60 25
29 60 25
30 60 25
33 60 25
34 60 25
35 60 25
36 60 25
37 60 25
38 60 25
41 60 25
42 60 25
43 60 25
44 60 25
45 60 25
46 60 25
49 60 25
31 3 25
39 3 25
47 3 25
55 3 25
59 3 25
60 3 25
61 3 25
62 3 25
28 60 26
29 60 26
30 60 26
33 60 26
34 60 26
35 60 26
36 60 26
37 60 26
38 60 26
41 60 26
42 60 26
43 60 26
44 60 26
45 60 26
46 60 26
49 60 26
31 3 26
39 3 26
47 3 26
55 3 26
59 3 26
60 3 26
61 3 26
62 3 26
28 61 27
29 61 27
30 61 27
33 61 27
34 61 27
35 61 27
36 61 27
37 61 27
38 61 27
41 61 27
42 61 27
43 61 27
44 61 27
45 61 27
46 61 27
49 61 27
31 3 27
39 3 27
47 3 27
55 3 27
59 3 27
60 3 27
61 3 27
62 3 27
28 61 28
29 61 28
30 61 28
33 61 28
34 61 28
35 61 28
36 61 28
37 61 28
38 61 28
41 61 28
42 61 28
43 61 28
44 61 28
45 61 28
46 61 28
49 61 28
31 3 28
39 3 28
47 3 28
55 3 28
59 3 28
60 3 28
61 3 28
62 3 28
28 61 29
29 61 29
30 61 29
33 61 29
34 61 29
35 61 29
36 61 29
37 61 29
38 61 29
41 61 29
42 61 29
43 61 29
44 61 29
45 61 29
46 61 29
49 61 29
31 3 29
39 3 29
47 3 29
55 3 29
59 3 29
60 3 29
61 3 29
62 3 29
28 62 30
29 62 30
30 62 30
33 62 30
34 62 30
35 62 30
36 62 30
37 62 30
38 62 30
41 62 30
42 62 30
43 62 30
44 62 30
45 62 30
46 62 30
49 62 30
31 3 30
39 3 30
47 3 30
55 3 30
59 3 30
60 3 30
61 3 30
62 3 30
28 62 31
29 62 31
30 62 31
33 62 31
34 62 31
35 62 31
36 62 31
37 62 31
38 62 31
41 62 31
42 62 31
43 62 31
44 62 31
45 62 31
46 62 31
49 62 31
31 3 31
39 3 31
47 3 31
55 3 31
59 3 31
60 3 31
61 3 31
62 3 31
28 62 32
29 62 32
30 62 32
33 62 32
34 62 32
35 62 32
36 62 32
37 62 32
38 62 32
41 62 32
42 62 32
43 62 32
44 62 32
45 62 32
46 62 32
49 62 32
31 3 32
39 3 32
47 3 32
55 3 32
59 3 32
60 3 32
61 3 32
62 3 32
31 3 33
39 3 33
47 3 33
55 3 33
59 3 33
60 3 33
61 3 33
62 3 33
31 3 34
39 3 34
47 3 34
55 3 34
59 3 34
60 3 34
61 3 34
62 3 34
31 3 35
39 3 35
47 3 35
55 3 35
59 3 35
60 3 35
61 3 35
62 3 35
31 3 36
39 3 36
47 3 36
55 3 36
59 3 36
60 3 36
61 3 36
62 3 36
31 3 37
39 3 37
47 3 37
55 3 37
59 3 37
60 3 37
61 3 37
62 3 37
31 3 38
39 3 38
47 3 38
55 3 38
59 3 38
60 3 38
61 3 38
62 3 38
31 3 39
39 3 39
47 3 39
55 3 39
59 3 39
60 3 39
61 3 39
62 3 39
31 3 40
39 3 40
47 3 40
55 3 40
59 3 40
60 3 40
61 3 40
62 3 40
31 3 41
39 3 41
47 3 41
55 3 41
59 3 41
60 3 41
61 3 41
62 3 41
31 3 42
39 3 42
47 3 42
55 3 42
59 3 42
60 3 42
61 3 42
62 3 42
31 3 43
39 3 43
47 3 43
55 3 43
59 3 43
60 3 43
61 3 43
62 3 43
31 3 44
39 3 44
47 3 44
55 3 44
59 3 44
60 3 44
61 3 44
62 3 44
31 3 45
39 3 45
47 3 45
55 3 45
59 3 45
60 3 45
61 3 45
62 3 45
31 3 46
39 3 46
47 3 46
55 3 46
59 3 46
60 3 46
61 3 46
62 3 46
31 3 47
39 3 47
47 3 47
55 3 47
59 3 47
60 3 47
61 3 47
62 3 47
31 3 48
39 3 48
47 3 48
55 3 48
59 3 48
60 3 48
61 3 48
62 3 48
31 4 49
39 4 49
47 4 49
55 4 49
59 4 49
60 4 49
61 4 49
62 4 49
31 4 50
39 4 50
47 4 50
55 4 50
59 4 50
60 4 50
61 4 50
62 4 50
31 4 51
39 4 51
47 4 51
55 4 51
59 4 51
60 4 51
61 4 51
62 4 51
31 4 52
39 4 52
47 4 52
55 4 52
59 4 52
60 4 52
61 4 52
62 4 52
31 4 53
39 4 53
47 4 53
55 4 53
59 4 53
60 4 53
61 4 53
62 4 53
31 4 54
39 4 54
47 4 54
55 4 54
59 4 54
60 4 54
61 4 54
62 4 54
31 4 55
39 4 55
47 4 55
55 4 55
59 4 55
60 4 55
61 4 55
62 4 55
31 4 56
39 4 56
47 4 56
55 4 56
59 4 56
60 4 56
61 4 56
62 4 56
31 4 57
39 4 57
47 4 57
55 4 57
59 4 57
60 4 57
61 4 57
62 4 57
31 4 58
39 4 58
47 4 58
55 4 58
59 4 58
60 4 58
61 4 58
62 4 58
31 4 59
39 4 59
47 4 59
55 4 59
59 4 59
60 4 59
61 4 59
62 4 59
31 4 60
39 4 60
47 4 60
55 4 60
59 4 60
60 4 60
61 4 60
62 4 60
31 4 61
39 4 61
47 4 61
55 4 61
59 4 61
60 4 61
61 4 61
62 4 61
31 4 62
39 4 62
47 4 62
55 4 62
59 4 62
60 4 62
61 4 62
62 4 62
31 4 63
39 4 63
47 4 63
55 4 63
59 4 63
60 4 63
61 4 63
62 4 63
31 4 64
39 4 64
47 4 64
55 4 64
59 4 64
60 4 64
61 4 64
62 4 64
31 4 65
39 4 65
47 4 65
55 4 65
59 4 65
60 4 65
61 4 65
62 4 65
31 4 66
39 4 66
47 4 66
55 4 66
59 4 66
60 4 66
61 4 66
62 4 66
31 4 67
39 4 67
47 4 67
55 4 67
59 4 67
60 4 67
61 4 67
62 4 67
31 4 68
39 4 68
47 4 68
55 4 68
59 4 68
60 4 68
61 4 68
62 4 68
31 4 69
39 4 69
47 4 69
55 4 69
59 4 69
60 4 69
61 4 69
62 4 69
31 4 70
39 4 70
47 4 70
55 4 70
59 4 70
60 4 70
61 4 70
62 4 70
31 4 71
39 4 71
47 4 71
55 4 71
59 4 71
60 4 71
61 4 71
62 4 71
31 4 72
39 4 72
47 4 72
55 4 72
59 4 72
60 4 72
61 4 72
62 4 72
31 4 73
39 4 73
47 4 73
55 4 73
59 4 73
60 4 73
61 4 73
62 4 73
31 4 74
39 4 74
47 4 74
55 4 74
59 4 74
60 4 74
61 4 74
62 4 74
31 4 75
39 4 75
47 4 75
55 4 75
59 4 75
60 4 75
61 4 75
62 4 75
31 4 76
39 4 76
47 4 76
55 4 76
59 4 76
60 4 76
61 4 76
62 4 76
31 4 77
39 4 77
47 4 77
55 4 77
59 4 77
60 4 77
61 4 77
62 4 77
31 4 78
39 4 78
47 4 78
55 4 78
59 4 78
60 4 78
61 4 78
62 4 78
31 4 79
39 4 79
47 4 79
55 4 79
59 4 79
60 4 79
61 4 79
62 4 79
31 4 80
39 4 80
47 4 80
55 4 80
59 4 80
60 4 80
61 4 80
62 4 80
31 4 81
39 4 81
47 4 81
55 4 81
59 4 81
60 4 81
61 4 81
62 4 81
31 4 82
39 4 82
47 4 82
55 4 82
59 4 82
60 4 82
61 4 82
62 4 82
31 4 83
39 4 83
47 4 83
55 4 83
59 4 83
60 4 83
61 4 83
62 4 83
31 4 84
39 4 84
47 4 84
55 4 84
59 4 84
60 4 84
61 4 84
62 4 84
31 4 85
39 4 85
47 4 85
55 4 85
59 4 85
60 4 85
61 4 85
62 4 85
31 4 86
39 4 86
47 4 86
55 4 86
59 4 86
60 4 86
61 4 86
62 4 86
31 4 87
39 4 87
47 4 87
55 4 87
59 4 87
60 4 87
61 4 87
62 4 87
31 4 88
39 4 88
47 4 88
55 4 88
59 4 88
60 4 88
61 4 88
62 4 88
31 4 89
39 4 89
47 4 89
55 4 89
59 4 89
60 4 89
61 4 89
62 4 89
31 4 90
39 4 90
47 4 90
55 4 90
59 4 90
60 4 90
61 4 90
62 4 90
31 4 91
39 4 91
47 4 91
55 4 91
59 4 91
60 4 91
61 4 91
62 4 91
31 4 92
39 4 92
47 4 92
55 4 92
59 4 92
60 4 92
61 4 92
62 4 92
31 4 93
39 4 93
47 4 93
55 4 93
59 4 93
60 4 93
61 4 93
62 4 93
31 4 94
39 4 94
47 4 94
55 4 94
59 4 94
60 4 94
61 4 94
62 4 94
31 4 95
39 4 95
47 4 95
55 4 95
59 4 95
60 4 95
61 4 95
62 4 95
31 4 96
39 4 96
47 4 96
55 4 96
59 4 96
60 4 96
61 4 96
62 4 96
31 5 97
39 5 97
47 5 97
55 5 97
59 5 97
60 5 97
61 5 97
62 5 97
31 5 98
39 5 98
47 5 98
55 5 98
59 5 98
60 5 98
61 5 98
62 5 98
31 5 99
39 5 99
47 5 99
55 5 99
59 5 99
60 5 99
61 5 99
62 5 99
31 5 100
39 5 100
47 5 100
55 5 100
59 5 100
60 5 100
61 5 100
62 5 100
31 5 101
39 5 101
47 5 101
55 5 101
59 5 101
60 5 101
61 5 101
62 5 101
31 5 102
39 5 102
47 5 102
55 5 102
59 5 102
60 5 102
61 5 102
62 5 102
31 5 103
39 5 103
47 5 103
55 5 103
59 5 103
60 5 103
61 5 103
62 5 103
31 5 104
39 5 104
47 5 104
55 5 104
59 5 104
60 5 104
61 5 104
62 5 104
31 5 105
39 5 105
47 5 105
55 5 105
59 5 105
60 5 105
61 5 105
62 5 105
31 5 106
39 5 106
47 5 106
55 5 106
59 5 106
60 5 106
61 5 106
62 5 106
31 5 107
39 5 107
47 5 107
55 5 107
59 5 107
60 5 107
61 5 107
62 5 107
31 5 108
39 5 108
47 5 108
55 5 108
59 5 108
60 5 108
61 5 108
62 5 108
31 5 109
39 5 109
47 5 109
55 5 109
59 5 109
60 5 109
61 5 109
62 5 109
31 5 110
39 5 110
47 5 110
55 5 110
59 5 110
60 5 110
61 5 110
62 5 110
31 5 111
39 5 111
47 5 111
55 5 111
59 5 111
60 5 111
61 5 111
62 5 111
31 5 112
39 5 112
47 5 112
55 5 112
59 5 112
60 5 112
61 5 112
62 5 112
31 5 113
39 5 113
47 5 113
55 5 113
59 5 113
60 5 113
61 5 113
62 5 113
31 5 114
39 5 114
47 5 114
55 5 114
59 5 114
60 5 114
61 5 114
62 5 114
31 5 115
39 5 115
47 5 115
55 5 115
59 5 115
60 5 115
61 5 115
62 5 115
31 5 116
39 5 116
47 5 116
55 5 116
59 5 116
60 5 116
61 5 116
62 5 116
31 5 117
39 5 117
47 5 117
55 5 117
59 5 117
60 5 117
61 5 117
62 5 117
31 5 118
39 5 118
47 5 118
55 5 118
59 5 118
60 5 118
61 5 118
62 5 118
31 5 119
39 5 119
47 5 119
55 5 119
59 5 119
60 5 119
61 5 119
62 5 119
31 5 120
39 5 120
47 5 120
55 5 120
59 5 120
60 5 120
61 5 120
62 5 120
31 5 121
39 5 121
47 5 121
55 5 121
59 5 121
60 5 121
61 5 121
62 5 121
31 5 122
39 5 122
47 5 122
55 5 122
59 5 122
60 5 122
61 5 122
62 5 122
31 5 123
39 5 123
47 5 123
55 5 123
59 5 123
60 5 123
61 5 123
62 5 123
31 5 124
39 5 124
47 5 124
55 5 124
59 5 124
60 5 124
61 5 124
62 5 124
31 5 125
39 5 125
47 5 125
55 5 125
59 5 125
60 5 125
61 5 125
62 5 125
31 5 126
39 5 126
47 5 126
55 5 126
59 5 126
60 5 126
61 5 126
62 5 126
31 5 127
39 5 127
47 5 127
55 5 127
59 5 127
60 5 127
61 5 127
62 5 127
31 5 128
39 5 128
47 5 128
55 5 128
59 5 128
60 5 128
61 5 128
62 5 128
31 5 129
39 5 129
47 5 129
55 5 129
59 5 129
60 5 129
61 5 129
62 5 129
31 5 130
39 5 130
47 5 130
55 5 130
59 5 130
60 5 130
61 5 130
62 5 130
31 5 131
39 5 131
47 5 131
55 5 131
59 5 131
60 5 131
61 5 131
62 5 131
31 5 132
39 5 132
47 5 132
55 5 132
59 5 132
60 5 132
61 5 132
62 5 132
31 5 133
39 5 133
47 5 133
55 5 133
59 5 133
60 5 133
61 5 133
62 5 133
31 5 134
39 5 134
47 5 134
55 5 134
59 5 134
60 5 134
61 5 134
62 5 134
31 5 135
39 5 135
47 5 135
55 5 135
59 5 135
60 5 135
61 5 135
62 5 135
31 5 136
39 5 136
47 5 136
55 5 136
59 5 136
60 5 136
61 5 136
62 5 136
31 5 137
39 5 137
47 5 137
55 5 137
59 5 137
60 5 137
61 5 137
62 5 137
31 5 138
39 5 138
47 5 138
55 5 138
59 5 138
60 5 138
61 5 138
62 5 138
31 5 139
39 5 139
47 5 139
55 5 139
59 5 139
60 5 139
61 5 139
62 5 139
31 5 140
39 5 140
47 5 140
55 5 140
59 5 140
60 5 140
61 5 140
62 5 140
31 5 141
39 5 141
47 5 141
55 5 141
59 5 141
60 5 141
61 5 141
62 5 141
31 5 142
39 5 142
47 5 142
55 5 142
59 5 142
60 5 142
61 5 142
62 5 142
31 5 143
39 5 143
47 5 143
55 5 143
59 5 143
60 5 143
61 5 143
62 5 143
31 5 144
39 5 144
47 5 144
55 5 144
59 5 144
60 5 144
61 5 144
62 5 144
31 6 145
39 6 145
47 6 145
55 6 145
59 6 145
60 6 145
61 6 145
62 6 145
31 6 146
39 6 146
47 6 146
55 6 146
59 6 146
60 6 146
61 6 146
62 6 146
31 6 147
39 6 147
47 6 147
55 6 147
59 6 147
60 6 147
61 6 147
62 6 147
31 6 148
39 6 148
47 6 148
55 6 148
59 6 148
60 6 148
61 6 148
62 6 148
31 6 149
39 6 149
47 6 149
55 6 149
59 6 149
60 6 149
61 6 149
62 6 149
31 6 150
39 6 150
47 6 150
55 6 150
59 6 150
60 6 150
61 6 150
62 6 150
31 6 151
39 6 151
47 6 151
55 6 151
59 6 151
60 6 151
61 6 151
62 6 151
31 6 152
39 6 152
47 6 152
55 6 152
59 6 152
60 6 152
61 6 152
62 6 152
31 6 153
39 6 153
47 6 153
55 6 153
59 6 153
60 6 153
61 6 153
62 6 153
31 6 154
39 6 154
47 6 154
55 6 154
59 6 154
60 6 154
61 6 154
62 6 154
31 6 155
39 6 155
47 6 155
55 6 155
59 6 155
60 6 155
61 6 155
62 6 155
31 6 156
39 6 156
47 6 156
55 6 156
59 6 156
60 6 156
61 6 156
62 6 156
31 6 157
39 6 157
47 6 157
55 6 157
59 6 157
60 6 157
61 6 157
62 6 157
31 6 158
39 6 158
47 6 158
55 6 158
59 6 158
60 6 158
61 6 158
62 6 158
31 6 159
39 6 159
47 6 159
55 6 159
59 6 159
60 6 159
61 6 159
62 6 159
31 6 160
39 6 160
47 6 160
55 6 160
59 6 160
60 6 160
61 6 160
62 6 160
31 6 161
39 6 161
47 6 161
55 6 161
59 6 161
60 6 161
61 6 161
62 6 161
31 6 162
39 6 162
47 6 162
55 6 162
59 6 162
60 6 162
61 6 162
62 6 162
31 6 163
39 6 163
47 6 163
55 6 163
59 6 163
60 6 163
61 6 163
62 6 163
31 6 164
39 6 164
47 6 164
55 6 164
59 6 164
60 6 164
61 6 164
62 6 164
31 6 165
39 6 165
47 6 165
55 6 165
59 6 165
60 6 165
61 6 165
62 6 165
31 6 166
39 6 166
47 6 166
55 6 166
59 6 166
60 6 166
61 6 166
62 6 166
31 6 167
39 6 167
47 6 167
55 6 167
59 6 167
60 6 167
61 6 167
62 6 167
31 6 168
39 6 168
47 6 168
55 6 168
59 6 168
60 6 168
61 6 168
62 6 168
31 6 169
39 6 169
47 6 169
55 6 169
59 6 169
60 6 169
61 6 169
62 6 169
31 6 170
39 6 170
47 6 170
55 6 170
59 6 170
60 6 170
61 6 170
62 6 170
31 6 171
39 6 171
47 6 171
55 6 171
59 6 171
60 6 171
61 6 171
62 6 171
31 6 172
39 6 172
47 6 172
55 6 172
59 6 172
60 6 172
61 6 172
62 6 172
31 6 173
39 6 173
47 6 173
55 6 173
59 6 173
60 6 173
61 6 173
62 6 173
31 6 174
39 6 174
47 6 174
55 6 174
59 6 174
60 6 174
61 6 174
62 6 174
31 6 175
39 6 175
47 6 175
55 6 175
59 6 175
60 6 175
61 6 175
62 6 175
31 6 176
39 6 176
47 6 176
55 6 176
59 6 176
60 6 176
61 6 176
62 6 176
31 6 177
39 6 177
47 6 177
55 6 177
59 6 177
60 6 177
61 6 177
62 6 177
31 6 178
39 6 178
47 6 178
55 6 178
59 6 178
60 6 178
61 6 178
62 6 178
31 6 179
39 6 179
47 6 179
55 6 179
59 6 179
60 6 179
61 6 179
62 6 179
31 6 180
39 6 180
47 6 180
55 6 180
59 6 180
60 6 180
61 6 180
62 6 180
31 6 181
39 6 181
47 6 181
55 6 181
59 6 181
60 6 181
61 6 181
62 6 181
31 6 182
39 6 182
47 6 182
55 6 182
59 6 182
60 6 182
61 6 182
62 6 182
31 6 183
39 6 183
47 6 183
55 6 183
59 6 183
60 6 183
61 6 183
62 6 183
31 6 184
39 6 184
47 6 184
55 6 184
59 6 184
60 6 184
61 6 184
62 6 184
31 6 185
39 6 185
47 6 185
55 6 185
59 6 185
60 6 185
61 6 185
62 6 185
31 6 186
39 6 186
47 6 186
55 6 186
59 6 186
60 6 186
61 6 186
62 6 186
31 6 187
39 6 187
47 6 187
55 6 187
59 6 187
60 6 187
61 6 187
62 6 187
31 6 188
39 6 188
47 6 188
55 6 188
59 6 188
60 6 188
61 6 188
62 6 188
31 6 189
39 6 189
47 6 189
55 6 189
59 6 189
60 6 189
61 6 189
62 6 189
31 6 190
39 6 190
47 6 190
55 6 190
59 6 190
60 6 190
61 6 190
62 6 190
31 6 191
39 6 191
47 6 191
55 6 191
59 6 191
60 6 191
61 6 191
62 6 191
31 6 192
39 6 192
47 6 192
55 6 192
59 6 192
60 6 192
61 6 192
62 6 192
31 8 193
39 8 193
47 8 193
55 8 193
59 8 193
60 8 193
61 8 193
62 8 193
31 8 194
39 8 194
47 8 194
55 8 194
59 8 194
60 8 194
61 8 194
62 8 194
31 8 195
39 8 195
47 8 195
55 8 195
59 8 195
60 8 195
61 8 195
62 8 195
31 8 196
39 8 196
47 8 196
55 8 196
59 8 196
60 8 196
61 8 196
62 8 196
31 8 197
39 8 197
47 8 197
55 8 197
59 8 197
60 8 197
61 8 197
62 8 197
31 8 198
39 8 198
47 8 198
55 8 198
59 8 198
60 8 198
61 8 198
62 8 198
31 8 199
39 8 199
47 8 199
55 8 199
59 8 199
60 8 199
61 8 199
62 8 199
31 8 200
39 8 200
47 8 200
55 8 200
59 8 200
60 8 200
61 8 200
62 8 200
31 8 201
39 8 201
47 8 201
55 8 201
59 8 201
60 8 201
61 8 201
62 8 201
31 8 202
39 8 202
47 8 202
55 8 202
59 8 202
60 8 202
61 8 202
62 8 202
31 8 203
39 8 203
47 8 203
55 8 203
59 8 203
60 8 203
61 8 203
62 8 203
31 8 204
39 8 204
47 8 204
55 8 204
59 8 204
60 8 204
61 8 204
62 8 204
31 8 205
39 8 205
47 8 205
55 8 205
59 8 205
60 8 205
61 8 205
62 8 205
31 8 206
39 8 206
47 8 206
55 8 206
59 8 206
60 8 206
61 8 206
62 8 206
31 8 207
39 8 207
47 8 207
55 8 207
59 8 207
60 8 207
61 8 207
62 8 207
31 8 208
39 8 208
47 8 208
55 8 208
59 8 208
60 8 208
61 8 208
62 8 208
31 8 209
39 8 209
47 8 209
55 8 209
59 8 209
60 8 209
61 8 209
62 8 209
31 8 210
39 8 210
47 8 210
55 8 210
59 8 210
60 8 210
61 8 210
62 8 210
31 8 211
39 8 211
47 8 211
55 8 211
59 8 211
60 8 211
61 8 211
62 8 211
31 8 212
39 8 212
47 8 212
55 8 212
59 8 212
60 8 212
61 8 212
62 8 212
31 8 213
39 8 213
47 8 213
55 8 213
59 8 213
60 8 213
61 8 213
62 8 213
31 8 214
39 8 214
47 8 214
55 8 214
59 8 214
60 8 214
61 8 214
62 8 214
31 8 215
39 8 215
47 8 215
55 8 215
59 8 215
60 8 215
61 8 215
62 8 215
31 8 216
39 8 216
47 8 216
55 8 216
59 8 216
60 8 216
61 8 216
62 8 216
31 8 217
39 8 217
47 8 217
55 8 217
59 8 217
60 8 217
61 8 217
62 8 217
31 8 218
39 8 218
47 8 218
55 8 218
59 8 218
60 8 218
61 8 218
62 8 218
31 8 219
39 8 219
47 8 219
55 8 219
59 8 219
60 8 219
61 8 219
62 8 219
31 8 220
39 8 220
47 8 220
55 8 220
59 8 220
60 8 220
61 8 220
62 8 220
31 8 221
39 8 221
47 8 221
55 8 221
59 8 221
60 8 221
61 8 221
62 8 221
31 8 222
39 8 222
47 8 222
55 8 222
59 8 222
60 8 222
61 8 222
62 8 222
31 8 223
39 8 223
47 8 223
55 8 223
59 8 223
60 8 223
61 8 223
62 8 223
31 8 224
39 8 224
47 8 224
55 8 224
59 8 224
60 8 224
61 8 224
62 8 224
31 8 225
39 8 225
47 8 225
55 8 225
59 8 225
60 8 225
61 8 225
62 8 225
31 8 226
39 8 226
47 8 226
55 8 226
59 8 226
60 8 226
61 8 226
62 8 226
31 8 227
39 8 227
47 8 227
55 8 227
59 8 227
60 8 227
61 8 227
62 8 227
31 8 228
39 8 228
47 8 228
55 8 228
59 8 228
60 8 228
61 8 228
62 8 228
31 8 229
39 8 229
47 8 229
55 8 229
59 8 229
60 8 229
61 8 229
62 8 229
31 8 230
39 8 230
47 8 230
55 8 230
59 8 230
60 8 230
61 8 230
62 8 230
31 8 231
39 8 231
47 8 231
55 8 231
59 8 231
60 8 231
61 8 231
62 8 231
31 8 232
39 8 232
47 8 232
55 8 232
59 8 232
60 8 232
61 8 232
62 8 232
31 8 233
39 8 233
47 8 233
55 8 233
59 8 233
60 8 233
61 8 233
62 8 233
31 8 234
39 8 234
47 8 234
55 8 234
59 8 234
60 8 234
61 8 234
62 8 234
31 8 235
39 8 235
47 8 235
55 8 235
59 8 235
60 8 235
61 8 235
62 8 235
31 8 236
39 8 236
47 8 236
55 8 236
59 8 236
60 8 236
61 8 236
62 8 236
31 8 237
39 8 237
47 8 237
55 8 237
59 8 237
60 8 237
61 8 237
62 8 237
31 8 238
39 8 238
47 8 238
55 8 238
59 8 238
60 8 238
61 8 238
62 8 238
31 8 239
39 8 239
47 8 239
55 8 239
59 8 239
60 8 239
61 8 239
62 8 239
31 8 240
39 8 240
47 8 240
55 8 240
59 8 240
60 8 240
61 8 240
62 8 240
31 16 241
39 16 241
47 16 241
55 16 241
59 16 241
60 16 241
61 16 241
62 16 241
31 16 242
39 16 242
47 16 242
55 16 242
59 16 242
60 16 242
61 16 242
62 16 242
31 16 243
39 16 243
47 16 243
55 16 243
59 16 243
60 16 243
61 16 243
62 16 243
31 16 244
39 16 244
47 16 244
55 16 244
59 16 244
60 16 244
61 16 244
62 16 244
31 16 245
39 16 245
47 16 245
55 16 245
59 16 245
60 16 245
61 16 245
62 16 245
31 16 246
39 16 246
47 16 246
55 16 246
59 16 246
60 16 246
61 16 246
62 16 246
31 16 247
39 16 247
47 16 247
55 16 247
59 16 247
60 16 247
61 16 247
62 16 247
31 16 248
39 16 248
47 16 248
55 16 248
59 16 248
60 16 248
61 16 248
62 16 248
31 16 249
39 16 249
47 16 249
55 16 249
59 16 249
60 16 249
61 16 249
62 16 249
31 16 250
39 16 250
47 16 250
55 16 250
59 16 250
60 16 250
61 16 250
62 16 250
31 16 251
39 16 251
47 16 251
55 16 251
59 16 251
60 16 251
61 16 251
62 16 251
31 16 252
39 16 252
47 16 252
55 16 252
59 16 252
60 16 252
61 16 252
62 16 252
31 16 253
39 16 253
47 16 253
55 16 253
59 16 253
60 16 253
61 16 253
62 16 253
31 16 254
39 16 254
47 16 254
55 16 254
59 16 254
60 16 254
61 16 254
62 16 254
31 16 255
39 16 255
47 16 255
55 16 255
59 16 255
60 16 255
61 16 255
62 16 255
31 16 256
39 16 256
47 16 256
55 16 256
59 16 256
60 16 256
61 16 256
62 16 256
31 16 257
39 16 257
47 16 257
55 16 257
59 16 257
60 16 257
61 16 257
62 16 257
31 16 258
39 16 258
47 16 258
55 16 258
59 16 258
60 16 258
61 16 258
62 16 258
31 16 259
39 16 259
47 16 259
55 16 259
59 16 259
60 16 259
61 16 259
62 16 259
31 16 260
39 16 260
47 16 260
55 16 260
59 16 260
60 16 260
61 16 260
62 16 260
31 16 261
39 16 261
47 16 261
55 16 261
59 16 261
60 16 261
61 16 261
62 16 261
31 16 262
39 16 262
47 16 262
55 16 262
59 16 262
60 16 262
61 16 262
62 16 262
31 16 263
39 16 263
47 16 263
55 16 263
59 16 263
60 16 263
61 16 263
62 16 263
31 16 264
39 16 264
47 16 264
55 16 264
59 16 264
60 16 264
61 16 264
62 16 264
31 16 265
39 16 265
47 16 265
55 16 265
59 16 265
60 16 265
61 16 265
62 16 265
31 16 266
39 16 266
47 16 266
55 16 266
59 16 266
60 16 266
61 16 266
62 16 266
31 16 267
39 16 267
47 16 267
55 16 267
59 16 267
60 16 267
61 16 267
62 16 267
31 16 268
39 16 268
47 16 268
55 16 268
59 16 268
60 16 268
61 16 268
62 16 268
31 16 269
39 16 269
47 16 269
55 16 269
59 16 269
60 16 269
61 16 269
62 16 269
31 16 270
39 16 270
47 16 270
55 16 270
59 16 270
60 16 270
61 16 270
62 16 270
31 16 271
39 16 271
47 16 271
55 16 271
59 16 271
60 16 271
61 16 271
62 16 271
31 16 272
39 16 272
47 16 272
55 16 272
59 16 272
60 16 272
61 16 272
62 16 272
31 16 273
39 16 273
47 16 273
55 16 273
59 16 273
60 16 273
61 16 273
62 16 273
31 16 274
39 16 274
47 16 274
55 16 274
59 16 274
60 16 274
61 16 274
62 16 274
31 16 275
39 16 275
47 16 275
55 16 275
59 16 275
60 16 275
61 16 275
62 16 275
31 16 276
39 16 276
47 16 276
55 16 276
59 16 276
60 16 276
61 16 276
62 16 276
31 16 277
39 16 277
47 16 277
55 16 277
59 16 277
60 16 277
61 16 277
62 16 277
31 16 278
39 16 278
47 16 278
55 16 278
59 16 278
60 16 278
61 16 278
62 16 278
31 16 279
39 16 279
47 16 279
55 16 279
59 16 279
60 16 279
61 16 279
62 16 279
31 16 280
39 16 280
47 16 280
55 16 280
59 16 280
60 16 280
61 16 280
62 16 280
31 16 281
39 16 281
47 16 281
55 16 281
59 16 281
60 16 281
61 16 281
62 16 281
31 16 282
39 16 282
47 16 282
55 16 282
59 16 282
60 16 282
61 16 282
62 16 282
31 16 283
39 16 283
47 16 283
55 16 283
59 16 283
60 16 283
61 16 283
62 16 283
31 16 284
39 16 284
47 16 284
55 16 284
59 16 284
60 16 284
61 16 284
62 16 284
31 16 285
39 16 285
47 16 285
55 16 285
59 16 285
60 16 285
61 16 285
62 16 285
31 16 286
39 16 286
47 16 286
55 16 286
59 16 286
60 16 286
61 16 286
62 16 286
31 16 287
39 16 287
47 16 287
55 16 287
59 16 287
60 16 287
61 16 287
62 16 287
31 16 288
39 16 288
47 16 288
55 16 288
59 16 288
60 16 288
61 16 288
62 16 288
31 24 289
39 24 289
47 24 289
55 24 289
59 24 289
60 24 289
61 24 289
62 24 289
31 24 290
39 24 290
47 24 290
55 24 290
59 24 290
60 24 290
61 24 290
62 24 290
31 24 291
39 24 291
47 24 291
55 24 291
59 24 291
60 24 291
61 24 291
62 24 291
31 24 292
39 24 292
47 24 292
55 24 292
59 24 292
60 24 292
61 24 292
62 24 292
31 24 293
39 24 293
47 24 293
55 24 293
59 24 293
60 24 293
61 24 293
62 24 293
31 24 294
39 24 294
47 24 294
55 24 294
59 24 294
60 24 294
61 24 294
62 24 294
31 24 295
39 24 295
47 24 295
55 24 295
59 24 295
60 24 295
61 24 295
62 24 295
31 24 296
39 24 296
47 24 296
55 24 296
59 24 296
60 24 296
61 24 296
62 24 296
31 24 297
39 24 297
47 24 297
55 24 297
59 24 297
60 24 297
61 24 297
62 24 297
31 24 298
39 24 298
47 24 298
55 24 298
59 24 298
60 24 298
61 24 298
62 24 298
31 24 299
39 24 299
47 24 299
55 24 299
59 24 299
60 24 299
61 24 299
62 24 299
31 24 300
39 24 300
47 24 300
55 24 300
59 24 300
60 24 300
61 24 300
62 24 300
31 24 301
39 24 301
47 24 301
55 24 301
59 24 301
60 24 301
61 24 301
62 24 301
31 24 302
39 24 302
47 24 302
55 24 302
59 24 302
60 24 302
61 24 302
62 24 302
31 24 303
39 24 303
47 24 303
55 24 303
59 24 303
60 24 303
61 24 303
62 24 303
31 24 304
39 24 304
47 24 304
55 24 304
59 24 304
60 24 304
61 24 304
62 24 304
31 24 305
39 24 305
47 24 305
55 24 305
59 24 305
60 24 305
61 24 305
62 24 305
31 24 306
39 24 306
47 24 306
55 24 306
59 24 306
60 24 306
61 24 306
62 24 306
31 24 307
39 24 307
47 24 307
55 24 307
59 24 307
60 24 307
61 24 307
62 24 307
31 24 308
39 24 308
47 24 308
55 24 308
59 24 308
60 24 308
61 24 308
62 24 308
31 24 309
39 24 309
47 24 309
55 24 309
59 24 309
60 24 309
61 24 309
62 24 309
31 24 310
39 24 310
47 24 310
55 24 310
59 24 310
60 24 310
61 24 310
62 24 310
31 24 311
39 24 311
47 24 311
55 24 311
59 24 311
60 24 311
61 24 311
62 24 311
31 24 312
39 24 312
47 24 312
55 24 312
59 24 312
60 24 312
61 24 312
62 24 312
31 24 313
39 24 313
47 24 313
55 24 313
59 24 313
60 24 313
61 24 313
62 24 313
31 24 314
39 24 314
47 24 314
55 24 314
59 24 314
60 24 314
61 24 314
62 24 314
31 24 315
39 24 315
47 24 315
55 24 315
59 24 315
60 24 315
61 24 315
62 24 315
31 24 316
39 24 316
47 24 316
55 24 316
59 24 316
60 24 316
61 24 316
62 24 316
31 24 317
39 24 317
47 24 317
55 24 317
59 24 317
60 24 317
61 24 317
62 24 317
31 24 318
39 24 318
47 24 318
55 24 318
59 24 318
60 24 318
61 24 318
62 24 318
31 24 319
39 24 319
47 24 319
55 24 319
59 24 319
60 24 319
61 24 319
62 24 319
31 24 320
39 24 320
47 24 320
55 24 320
59 24 320
60 24 320
61 24 320
62 24 320
31 24 321
39 24 321
47 24 321
55 24 321
59 24 321
60 24 321
61 24 321
62 24 321
31 24 322
39 24 322
47 24 322
55 24 322
59 24 322
60 24 322
61 24 322
62 24 322
31 24 323
39 24 323
47 24 323
55 24 323
59 24 323
60 24 323
61 24 323
62 24 323
31 24 324
39 24 324
47 24 324
55 24 324
59 24 324
60 24 324
61 24 324
62 24 324
31 24 325
39 24 325
47 24 325
55 24 325
59 24 325
60 24 325
61 24 325
62 24 325
31 24 326
39 24 326
47 24 326
55 24 326
59 24 326
60 24 326
61 24 326
62 24 326
31 24 327
39 24 327
47 24 327
55 24 327
59 24 327
60 24 327
61 24 327
62 24 327
31 24 328
39 24 328
47 24 328
55 24 328
59 24 328
60 24 328
61 24 328
62 24 328
31 24 329
39 24 329
47 24 329
55 24 329
59 24 329
60 24 329
61 24 329
62 24 329
31 24 330
39 24 330
47 24 330
55 24 330
59 24 330
60 24 330
61 24 330
62 24 330
31 24 331
39 24 331
47 24 331
55 24 331
59 24 331
60 24 331
61 24 331
62 24 331
31 24 332
39 24 332
47 24 332
55 24 332
59 24 332
60 24 332
61 24 332
62 24 332
31 24 333
39 24 333
47 24 333
55 24 333
59 24 333
60 24 333
61 24 333
62 24 333
31 24 334
39 24 334
47 24 334
55 24 334
59 24 334
60 24 334
61 24 334
62 24 334
31 24 335
39 24 335
47 24 335
55 24 335
59 24 335
60 24 335
61 24 335
62 24 335
31 24 336
39 24 336
47 24 336
55 24 336
59 24 336
60 24 336
61 24 336
62 24 336
31 32 337
39 32 337
47 32 337
55 32 337
59 32 337
60 32 337
61 32 337
62 32 337
31 32 338
39 32 338
47 32 338
55 32 338
59 32 338
60 32 338
61 32 338
62 32 338
31 32 339
39 32 339
47 32 339
55 32 339
59 32 339
60 32 339
61 32 339
62 32 339
31 32 340
39 32 340
47 32 340
55 32 340
59 32 340
60 32 340
61 32 340
62 32 340
31 32 341
39 32 341
47 32 341
55 32 341
59 32 341
60 32 341
61 32 341
62 32 341
31 32 342
39 32 342
47 32 342
55 32 342
59 32 342
60 32 342
61 32 342
62 32 342
31 32 343
39 32 343
47 32 343
55 32 343
59 32 343
60 32 343
61 32 343
62 32 343
31 32 344
39 32 344
47 32 344
55 32 344
59 32 344
60 32 344
61 32 344
62 32 344
31 32 345
39 32 345
47 32 345
55 32 345
59 32 345
60 32 345
61 32 345
62 32 345
31 32 346
39 32 346
47 32 346
55 32 346
59 32 346
60 32 346
61 32 346
62 32 346
31 32 347
39 32 347
47 32 347
55 32 347
59 32 347
60 32 347
61 32 347
62 32 347
31 32 348
39 32 348
47 32 348
55 32 348
59 32 348
60 32 348
61 32 348
62 32 348
31 32 349
39 32 349
47 32 349
55 32 349
59 32 349
60 32 349
61 32 349
62 32 349
31 32 350
39 32 350
47 32 350
55 32 350
59 32 350
60 32 350
61 32 350
62 32 350
31 32 351
39 32 351
47 32 351
55 32 351
59 32 351
60 32 351
61 32 351
62 32 351
31 32 352
39 32 352
47 32 352
55 32 352
59 32 352
60 32 352
61 32 352
62 32 352
31 32 353
39 32 353
47 32 353
55 32 353
59 32 353
60 32 353
61 32 353
62 32 353
31 32 354
39 32 354
47 32 354
55 32 354
59 32 354
60 32 354
61 32 354
62 32 354
31 32 355
39 32 355
47 32 355
55 32 355
59 32 355
60 32 355
61 32 355
62 32 355
31 32 356
39 32 356
47 32 356
55 32 356
59 32 356
60 32 356
61 32 356
62 32 356
31 32 357
39 32 357
47 32 357
55 32 357
59 32 357
60 32 357
61 32 357
62 32 357
31 32 358
39 32 358
47 32 358
55 32 358
59 32 358
60 32 358
61 32 358
62 32 358
31 32 359
39 32 359
47 32 359
55 32 359
59 32 359
60 32 359
61 32 359
62 32 359
31 32 360
39 32 360
47 32 360
55 32 360
59 32 360
60 32 360
61 32 360
62 32 360
31 32 361
39 32 361
47 32 361
55 32 361
59 32 361
60 32 361
61 32 361
62 32 361
31 32 362
39 32 362
47 32 362
55 32 362
59 32 362
60 32 362
61 32 362
62 32 362
31 32 363
39 32 363
47 32 363
55 32 363
59 32 363
60 32 363
61 32 363
62 32 363
31 32 364
39 32 364
47 32 364
55 32 364
59 32 364
60 32 364
61 32 364
62 32 364
31 32 365
39 32 365
47 32 365
55 32 365
59 32 365
60 32 365
61 32 365
62 32 365
31 32 366
39 32 366
47 32 366
55 32 366
59 32 366
60 32 366
61 32 366
62 32 366
31 32 367
39 32 367
47 32 367
55 32 367
59 32 367
60 32 367
61 32 367
62 32 367
31 32 368
39 32 368
47 32 368
55 32 368
59 32 368
60 32 368
61 32 368
62 32 368
31 32 369
39 32 369
47 32 369
55 32 369
59 32 369
60 32 369
61 32 369
62 32 369
31 32 370
39 32 370
47 32 370
55 32 370
59 32 370
60 32 370
61 32 370
62 32 370
31 32 371
39 32 371
47 32 371
55 32 371
59 32 371
60 32 371
61 32 371
62 32 371
31 32 372
39 32 372
47 32 372
55 32 372
59 32 372
60 32 372
61 32 372
62 32 372
31 32 373
39 32 373
47 32 373
55 32 373
59 32 373
60 32 373
61 32 373
62 32 373
31 32 374
39 32 374
47 32 374
55 32 374
59 32 374
60 32 374
61 32 374
62 32 374
31 32 375
39 32 375
47 32 375
55 32 375
59 32 375
60 32 375
61 32 375
62 32 375
31 32 376
39 32 376
47 32 376
55 32 376
59 32 376
60 32 376
61 32 376
62 32 376
31 32 377
39 32 377
47 32 377
55 32 377
59 32 377
60 32 377
61 32 377
62 32 377
31 32 378
39 32 378
47 32 378
55 32 378
59 32 378
60 32 378
61 32 378
62 32 378
31 32 379
39 32 379
47 32 379
55 32 379
59 32 379
60 32 379
61 32 379
62 32 379
31 32 380
39 32 380
47 32 380
55 32 380
59 32 380
60 32 380
61 32 380
62 32 380
31 32 381
39 32 381
47 32 381
55 32 381
59 32 381
60 32 381
61 32 381
62 32 381
31 32 382
39 32 382
47 32 382
55 32 382
59 32 382
60 32 382
61 32 382
62 32 382
31 32 383
39 32 383
47 32 383
55 32 383
59 32 383
60 32 383
61 32 383
62 32 383
31 32 384
39 32 384
47 32 384
55 32 384
59 32 384
60 32 384
61 32 384
62 32 384
