11 3 1
12 3 1
13 3 1
14 3 1
17 3 1
18 3 1
19 3 1
20 3 1
21 3 1
22 3 1
25 3 1
26 3 1
27 3 1
28 3 1
29 3 1
30 3 1
7 3 1
15 3 1
23 3 1
31 3 1
56 3 1
57 3 1
58 3 1
59 3 1
11 4 2
12 4 2
13 4 2
14 4 2
17 4 2
18 4 2
19 4 2
20 4 2
21 4 2
22 4 2
25 4 2
26 4 2
27 4 2
28 4 2
29 4 2
30 4 2
7 3 2
15 3 2
23 3 2
31 3 2
56 3 2
57 3 2
58 3 2
59 3 2
11 5 3
12 5 3
13 5 3
14 5 3
17 5 3
18 5 3
19 5 3
20 5 3
21 5 3
22 5 3
25 5 3
26 5 3
27 5 3
28 5 3
29 5 3
30 5 3
7 3 3
15 3 3
23 3 3
31 3 3
56 3 3
57 3 3
58 3 3
59 3 3
11 6 4
12 6 4
13 6 4
14 6 4
17 6 4
18 6 4
19 6 4
20 6 4
21 6 4
22 6 4
25 6 4
26 6 4
27 6 4
28 6 4
29 6 4
30 6 4
7 3 4
15 3 4
23 3 4
31 3 4
56 3 4
57 3 4
58 3 4
59 3 4
11 16 5
12 16 5
13 16 5
14 16 5
17 16 5
18 16 5
19 16 5
20 16 5
21 16 5
22 16 5
25 16 5
26 16 5
27 16 5
28 16 5
29 16 5
30 16 5
7 3 5
15 3 5
23 3 5
31 3 5
56 3 5
57 3 5
58 3 5
59 3 5
11 24 6
12 24 6
13 24 6
14 24 6
17 24 6
18 24 6
19 24 6
20 24 6
21 24 6
22 24 6
25 24 6
26 24 6
27 24 6
28 24 6
29 24 6
30 24 6
7 3 6
15 3 6
23 3 6
31 3 6
56 3 6
57 3 6
58 3 6
59 3 6
11 32 7
12 32 7
13 32 7
14 32 7
17 32 7
18 32 7
19 32 7
20 32 7
21 32 7
22 32 7
25 32 7
26 32 7
27 32 7
28 32 7
29 32 7
30 32 7
7 3 7
15 3 7
23 3 7
31 3 7
56 3 7
57 3 7
58 3 7
59 3 7
11 40 8
12 40 8
13 40 8
14 40 8
17 40 8
18 40 8
19 40 8
20 40 8
21 40 8
22 40 8
25 40 8
26 40 8
27 40 8
28 40 8
29 40 8
30 40 8
7 3 8
15 3 8
23 3 8
31 3 8
56 3 8
57 3 8
58 3 8
59 3 8
11 7 9
12 7 9
13 7 9
14 7 9
17 7 9
18 7 9
19 7 9
20 7 9
21 7 9
22 7 9
25 7 9
26 7 9
27 7 9
28 7 9
29 7 9
30 7 9
7 3 9
15 3 9
23 3 9
31 3 9
56 3 9
57 3 9
58 3 9
59 3 9
11 7 10
12 7 10
13 7 10
14 7 10
17 7 10
18 7 10
19 7 10
20 7 10
21 7 10
22 7 10
25 7 10
26 7 10
27 7 10
28 7 10
29 7 10
30 7 10
7 3 10
15 3 10
23 3 10
31 3 10
56 3 10
57 3 10
58 3 10
59 3 10
11 7 11
12 7 11
13 7 11
14 7 11
17 7 11
18 7 11
19 7 11
20 7 11
21 7 11
22 7 11
25 7 11
26 7 11
27 7 11
28 7 11
29 7 11
30 7 11
7 3 11
15 3 11
23 3 11
31 3 11
56 3 11
57 3 11
58 3 11
59 3 11
11 15 12
12 15 12
13 15 12
14 15 12
17 15 12
18 15 12
19 15 12
20 15 12
21 15 12
22 15 12
25 15 12
26 15 12
27 15 12
28 15 12
29 15 12
30 15 12
7 3 12
15 3 12
23 3 12
31 3 12
56 3 12
57 3 12
58 3 12
59 3 12
11 15 13
12 15 13
13 15 13
14 15 13
17 15 13
18 15 13
19 15 13
20 15 13
21 15 13
22 15 13
25 15 13
26 15 13
27 15 13
28 15 13
29 15 13
30 15 13
7 3 13
15 3 13
23 3 13
31 3 13
56 3 13
57 3 13
58 3 13
59 3 13
11 15 14
12 15 14
13 15 14
14 15 14
17 15 14
18 15 14
19 15 14
20 15 14
21 15 14
22 15 14
25 15 14
26 15 14
27 15 14
28 15 14
29 15 14
30 15 14
7 3 14
15 3 14
23 3 14
31 3 14
56 3 14
57 3 14
58 3 14
59 3 14
11 23 15
12 23 15
13 23 15
14 23 15
17 23 15
18 23 15
19 23 15
20 23 15
21 23 15
22 23 15
25 23 15
26 23 15
27 23 15
28 23 15
29 23 15
30 23 15
7 3 15
15 3 15
23 3 15
31 3 15
56 3 15
57 3 15
58 3 15
59 3 15
11 23 16
12 23 16
13 23 16
14 23 16
17 23 16
18 23 16
19 23 16
20 23 16
21 23 16
22 23 16
25 23 16
26 23 16
27 23 16
28 23 16
29 23 16
30 23 16
7 3 16
15 3 16
23 3 16
31 3 16
56 3 16
57 3 16
58 3 16
59 3 16
11 23 17
12 23 17
13 23 17
14 23 17
17 23 17
18 23 17
19 23 17
20 23 17
21 23 17
22 23 17
25 23 17
26 23 17
27 23 17
28 23 17
29 23 17
30 23 17
7 3 17
15 3 17
23 3 17
31 3 17
56 3 17
57 3 17
58 3 17
59 3 17
11 31 18
12 31 18
13 31 18
14 31 18
17 31 18
18 31 18
19 31 18
20 31 18
21 31 18
22 31 18
25 31 18
26 31 18
27 31 18
28 31 18
29 31 18
30 31 18
7 3 18
15 3 18
23 3 18
31 3 18
56 3 18
57 3 18
58 3 18
59 3 18
11 31 19
12 31 19
13 31 19
14 31 19
17 31 19
18 31 19
19 31 19
20 31 19
21 31 19
22 31 19
25 31 19
26 31 19
27 31 19
28 31 19
29 31 19
30 31 19
7 3 19
15 3 19
23 3 19
31 3 19
56 3 19
57 3 19
58 3 19
59 3 19
11 31 20
12 31 20
13 31 20
14 31 20
17 31 20
18 31 20
19 31 20
20 31 20
21 31 20
22 31 20
25 31 20
26 31 20
27 31 20
28 31 20
29 31 20
30 31 20
7 3 20
15 3 20
23 3 20
31 3 20
56 3 20
57 3 20
58 3 20
59 3 20
11 56 21
12 56 21
13 56 21
14 56 21
17 56 21
18 56 21
19 56 21
20 56 21
21 56 21
22 56 21
25 56 21
26 56 21
27 56 21
28 56 21
29 56 21
30 56 21
7 3 21
15 3 21
23 3 21
31 3 21
56 3 21
57 3 21
58 3 21
59 3 21
11 56 22
12 56 22
13 56 22
14 56 22
17 56 22
18 56 22
19 56 22
20 56 22
21 56 22
22 56 22
25 56 22
26 56 22
27 56 22
28 56 22
29 56 22
30 56 22
7 3 22
15 3 22
23 3 22
31 3 22
56 3 22
57 3 22
58 3 22
59 3 22
11 56 23
12 56 23
13 56 23
14 56 23
17 56 23
18 56 23
19 56 23
20 56 23
21 56 23
22 56 23
25 56 23
26 56 23
27 56 23
28 56 23
29 56 23
30 56 23
7 3 23
15 3 23
23 3 23
31 3 23
56 3 23
57 3 23
58 3 23
59 3 23
11 57 24
12 57 24
13 57 24
14 57 24
17 57 24
18 57 24
19 57 24
20 57 24
21 57 24
22 57 24
25 57 24
26 57 24
27 57 24
28 57 24
29 57 24
30 57 24
7 3 24
15 3 24
23 3 24
31 3 24
56 3 24
57 3 24
58 3 24
59 3 24
11 57 25
12 57 25
13 57 25
14 57 25
17 57 25
18 57 25
19 57 25
20 57 25
21 57 25
22 57 25
25 57 25
26 57 25
27 57 25
28 57 25
29 57 25
30 57 25
7 3 25
15 3 25
23 3 25
31 3 25
56 3 25
57 3 25
58 3 25
59 3 25
11 57 26
12 57 26
13 57 26
14 57 26
17 57 26
18 57 26
19 57 26
20 57 26
21 57 26
22 57 26
25 57 26
26 57 26
27 57 26
28 57 26
29 57 26
30 57 26
7 3 26
15 3 26
23 3 26
31 3 26
56 3 26
57 3 26
58 3 26
59 3 26
11 58 27
12 58 27
13 58 27
14 58 27
17 58 27
18 58 27
19 58 27
20 58 27
21 58 27
22 58 27
25 58 27
26 58 27
27 58 27
28 58 27
29 58 27
30 58 27
7 3 27
15 3 27
23 3 27
31 3 27
56 3 27
57 3 27
58 3 27
59 3 27
11 58 28
12 58 28
13 58 28
14 58 28
17 58 28
18 58 28
19 58 28
20 58 28
21 58 28
22 58 28
25 58 28
26 58 28
27 58 28
28 58 28
29 58 28
30 58 28
7 3 28
15 3 28
23 3 28
31 3 28
56 3 28
57 3 28
58 3 28
59 3 28
11 58 29
12 58 29
13 58 29
14 58 29
17 58 29
18 58 29
19 58 29
20 58 29
21 58 29
22 58 29
25 58 29
26 58 29
27 58 29
28 58 29
29 58 29
30 58 29
7 3 29
15 3 29
23 3 29
31 3 29
56 3 29
57 3 29
58 3 29
59 3 29
11 59 30
12 59 30
13 59 30
14 59 30
17 59 30
18 59 30
19 59 30
20 59 30
21 59 30
22 59 30
25 59 30
26 59 30
27 59 30
28 59 30
29 59 30
30 59 30
7 3 30
15 3 30
23 3 30
31 3 30
56 3 30
57 3 30
58 3 30
59 3 30
11 59 31
12 59 31
13 59 31
14 59 31
17 59 31
18 59 31
19 59 31
20 59 31
21 59 31
22 59 31
25 59 31
26 59 31
27 59 31
28 59 31
29 59 31
30 59 31
7 3 31
15 3 31
23 3 31
31 3 31
56 3 31
57 3 31
58 3 31
59 3 31
11 59 32
12 59 32
13 59 32
14 59 32
17 59 32
18 59 32
19 59 32
20 59 32
21 59 32
22 59 32
25 59 32
26 59 32
27 59 32
28 59 32
29 59 32
30 59 32
7 3 32
15 3 32
23 3 32
31 3 32
56 3 32
57 3 32
58 3 32
59 3 32
7 3 33
15 3 33
23 3 33
31 3 33
56 3 33
57 3 33
58 3 33
59 3 33
7 3 34
15 3 34
23 3 34
31 3 34
56 3 34
57 3 34
58 3 34
59 3 34
7 3 35
15 3 35
23 3 35
31 3 35
56 3 35
57 3 35
58 3 35
59 3 35
7 3 36
15 3 36
23 3 36
31 3 36
56 3 36
57 3 36
58 3 36
59 3 36
7 3 37
15 3 37
23 3 37
31 3 37
56 3 37
57 3 37
58 3 37
59 3 37
7 3 38
15 3 38
23 3 38
31 3 38
56 3 38
57 3 38
58 3 38
59 3 38
7 3 39
15 3 39
23 3 39
31 3 39
56 3 39
57 3 39
58 3 39
59 3 39
7 3 40
15 3 40
23 3 40
31 3 40
56 3 40
57 3 40
58 3 40
59 3 40
7 3 41
15 3 41
23 3 41
31 3 41
56 3 41
57 3 41
58 3 41
59 3 41
7 3 42
15 3 42
23 3 42
31 3 42
56 3 42
57 3 42
58 3 42
59 3 42
7 3 43
15 3 43
23 3 43
31 3 43
56 3 43
57 3 43
58 3 43
59 3 43
7 3 44
15 3 44
23 3 44
31 3 44
56 3 44
57 3 44
58 3 44
59 3 44
7 3 45
15 3 45
23 3 45
31 3 45
56 3 45
57 3 45
58 3 45
59 3 45
7 3 46
15 3 46
23 3 46
31 3 46
56 3 46
57 3 46
58 3 46
59 3 46
7 3 47
15 3 47
23 3 47
31 3 47
56 3 47
57 3 47
58 3 47
59 3 47
7 3 48
15 3 48
23 3 48
31 3 48
56 3 48
57 3 48
58 3 48
59 3 48
7 4 49
15 4 49
23 4 49
31 4 49
56 4 49
57 4 49
58 4 49
59 4 49
7 4 50
15 4 50
23 4 50
31 4 50
56 4 50
57 4 50
58 4 50
59 4 50
7 4 51
15 4 51
23 4 51
31 4 51
56 4 51
57 4 51
58 4 51
59 4 51
7 4 52
15 4 52
23 4 52
31 4 52
56 4 52
57 4 52
58 4 52
59 4 52
7 4 53
15 4 53
23 4 53
31 4 53
56 4 53
57 4 53
58 4 53
59 4 53
7 4 54
15 4 54
23 4 54
31 4 54
56 4 54
57 4 54
58 4 54
59 4 54
7 4 55
15 4 55
23 4 55
31 4 55
56 4 55
57 4 55
58 4 55
59 4 55
7 4 56
15 4 56
23 4 56
31 4 56
56 4 56
57 4 56
58 4 56
59 4 56
7 4 57
15 4 57
23 4 57
31 4 57
56 4 57
57 4 57
58 4 57
59 4 57
7 4 58
15 4 58
23 4 58
31 4 58
56 4 58
57 4 58
58 4 58
59 4 58
7 4 59
15 4 59
23 4 59
31 4 59
56 4 59
57 4 59
58 4 59
59 4 59
7 4 60
15 4 60
23 4 60
31 4 60
56 4 60
57 4 60
58 4 60
59 4 60
7 4 61
15 4 61
23 4 61
31 4 61
56 4 61
57 4 61
58 4 61
59 4 61
7 4 62
15 4 62
23 4 62
31 4 62
56 4 62
57 4 62
58 4 62
59 4 62
7 4 63
15 4 63
23 4 63
31 4 63
56 4 63
57 4 63
58 4 63
59 4 63
7 4 64
15 4 64
23 4 64
31 4 64
56 4 64
57 4 64
58 4 64
59 4 64
7 4 65
15 4 65
23 4 65
31 4 65
56 4 65
57 4 65
58 4 65
59 4 65
7 4 66
15 4 66
23 4 66
31 4 66
56 4 66
57 4 66
58 4 66
59 4 66
7 4 67
15 4 67
23 4 67
31 4 67
56 4 67
57 4 67
58 4 67
59 4 67
7 4 68
15 4 68
23 4 68
31 4 68
56 4 68
57 4 68
58 4 68
59 4 68
7 4 69
15 4 69
23 4 69
31 4 69
56 4 69
57 4 69
58 4 69
59 4 69
7 4 70
15 4 70
23 4 70
31 4 70
56 4 70
57 4 70
58 4 70
59 4 70
7 4 71
15 4 71
23 4 71
31 4 71
56 4 71
57 4 71
58 4 71
59 4 71
7 4 72
15 4 72
23 4 72
31 4 72
56 4 72
57 4 72
58 4 72
59 4 72
7 4 73
15 4 73
23 4 73
31 4 73
56 4 73
57 4 73
58 4 73
59 4 73
7 4 74
15 4 74
23 4 74
31 4 74
56 4 74
57 4 74
58 4 74
59 4 74
7 4 75
15 4 75
23 4 75
31 4 75
56 4 75
57 4 75
58 4 75
59 4 75
7 4 76
15 4 76
23 4 76
31 4 76
56 4 76
57 4 76
58 4 76
59 4 76
7 4 77
15 4 77
23 4 77
31 4 77
56 4 77
57 4 77
58 4 77
59 4 77
7 4 78
15 4 78
23 4 78
31 4 78
56 4 78
57 4 78
58 4 78
59 4 78
7 4 79
15 4 79
23 4 79
31 4 79
56 4 79
57 4 79
58 4 79
59 4 79
7 4 80
15 4 80
23 4 80
31 4 80
56 4 80
57 4 80
58 4 80
59 4 80
7 4 81
15 4 81
23 4 81
31 4 81
56 4 81
57 4 81
58 4 81
59 4 81
7 4 82
15 4 82
23 4 82
31 4 82
56 4 82
57 4 82
58 4 82
59 4 82
7 4 83
15 4 83
23 4 83
31 4 83
56 4 83
57 4 83
58 4 83
59 4 83
7 4 84
15 4 84
23 4 84
31 4 84
56 4 84
57 4 84
58 4 84
59 4 84
7 4 85
15 4 85
23 4 85
31 4 85
56 4 85
57 4 85
58 4 85
59 4 85
7 4 86
15 4 86
23 4 86
31 4 86
56 4 86
57 4 86
58 4 86
59 4 86
7 4 87
15 4 87
23 4 87
31 4 87
56 4 87
57 4 87
58 4 87
59 4 87
7 4 88
15 4 88
23 4 88
31 4 88
56 4 88
57 4 88
58 4 88
59 4 88
7 4 89
15 4 89
23 4 89
31 4 89
56 4 89
57 4 89
58 4 89
59 4 89
7 4 90
15 4 90
23 4 90
31 4 90
56 4 90
57 4 90
58 4 90
59 4 90
7 4 91
15 4 91
23 4 91
31 4 91
56 4 91
57 4 91
58 4 91
59 4 91
7 4 92
15 4 92
23 4 92
31 4 92
56 4 92
57 4 92
58 4 92
59 4 92
7 4 93
15 4 93
23 4 93
31 4 93
56 4 93
57 4 93
58 4 93
59 4 93
7 4 94
15 4 94
23 4 94
31 4 94
56 4 94
57 4 94
58 4 94
59 4 94
7 4 95
15 4 95
23 4 95
31 4 95
56 4 95
57 4 95
58 4 95
59 4 95
7 4 96
15 4 96
23 4 96
31 4 96
56 4 96
57 4 96
58 4 96
59 4 96
7 5 97
15 5 97
23 5 97
31 5 97
56 5 97
57 5 97
58 5 97
59 5 97
7 5 98
15 5 98
23 5 98
31 5 98
56 5 98
57 5 98
58 5 98
59 5 98
7 5 99
15 5 99
23 5 99
31 5 99
56 5 99
57 5 99
58 5 99
59 5 99
7 5 100
15 5 100
23 5 100
31 5 100
56 5 100
57 5 100
58 5 100
59 5 100
7 5 101
15 5 101
23 5 101
31 5 101
56 5 101
57 5 101
58 5 101
59 5 101
7 5 102
15 5 102
23 5 102
31 5 102
56 5 102
57 5 102
58 5 102
59 5 102
7 5 103
15 5 103
23 5 103
31 5 103
56 5 103
57 5 103
58 5 103
59 5 103
7 5 104
15 5 104
23 5 104
31 5 104
56 5 104
57 5 104
58 5 104
59 5 104
7 5 105
15 5 105
23 5 105
31 5 105
56 5 105
57 5 105
58 5 105
59 5 105
7 5 106
15 5 106
23 5 106
31 5 106
56 5 106
57 5 106
58 5 106
59 5 106
7 5 107
15 5 107
23 5 107
31 5 107
56 5 107
57 5 107
58 5 107
59 5 107
7 5 108
15 5 108
23 5 108
31 5 108
56 5 108
57 5 108
58 5 108
59 5 108
7 5 109
15 5 109
23 5 109
31 5 109
56 5 109
57 5 109
58 5 109
59 5 109
7 5 110
15 5 110
23 5 110
31 5 110
56 5 110
57 5 110
58 5 110
59 5 110
7 5 111
15 5 111
23 5 111
31 5 111
56 5 111
57 5 111
58 5 111
59 5 111
7 5 112
15 5 112
23 5 112
31 5 112
56 5 112
57 5 112
58 5 112
59 5 112
7 5 113
15 5 113
23 5 113
31 5 113
56 5 113
57 5 113
58 5 113
59 5 113
7 5 114
15 5 114
23 5 114
31 5 114
56 5 114
57 5 114
58 5 114
59 5 114
7 5 115
15 5 115
23 5 115
31 5 115
56 5 115
57 5 115
58 5 115
59 5 115
7 5 116
15 5 116
23 5 116
31 5 116
56 5 116
57 5 116
58 5 116
59 5 116
7 5 117
15 5 117
23 5 117
31 5 117
56 5 117
57 5 117
58 5 117
59 5 117
7 5 118
15 5 118
23 5 118
31 5 118
56 5 118
57 5 118
58 5 118
59 5 118
7 5 119
15 5 119
23 5 119
31 5 119
56 5 119
57 5 119
58 5 119
59 5 119
7 5 120
15 5 120
23 5 120
31 5 120
56 5 120
57 5 120
58 5 120
59 5 120
7 5 121
15 5 121
23 5 121
31 5 121
56 5 121
57 5 121
58 5 121
59 5 121
7 5 122
15 5 122
23 5 122
31 5 122
56 5 122
57 5 122
58 5 122
59 5 122
7 5 123
15 5 123
23 5 123
31 5 123
56 5 123
57 5 123
58 5 123
59 5 123
7 5 124
15 5 124
23 5 124
31 5 124
56 5 124
57 5 124
58 5 124
59 5 124
7 5 125
15 5 125
23 5 125
31 5 125
56 5 125
57 5 125
58 5 125
59 5 125
7 5 126
15 5 126
23 5 126
31 5 126
56 5 126
57 5 126
58 5 126
59 5 126
7 5 127
15 5 127
23 5 127
31 5 127
56 5 127
57 5 127
58 5 127
59 5 127
7 5 128
15 5 128
23 5 128
31 5 128
56 5 128
57 5 128
58 5 128
59 5 128
7 5 129
15 5 129
23 5 129
31 5 129
56 5 129
57 5 129
58 5 129
59 5 129
7 5 130
15 5 130
23 5 130
31 5 130
56 5 130
57 5 130
58 5 130
59 5 130
7 5 131
15 5 131
23 5 131
31 5 131
56 5 131
57 5 131
58 5 131
59 5 131
7 5 132
15 5 132
23 5 132
31 5 132
56 5 132
57 5 132
58 5 132
59 5 132
7 5 133
15 5 133
23 5 133
31 5 133
56 5 133
57 5 133
58 5 133
59 5 133
7 5 134
15 5 134
23 5 134
31 5 134
56 5 134
57 5 134
58 5 134
59 5 134
7 5 135
15 5 135
23 5 135
31 5 135
56 5 135
57 5 135
58 5 135
59 5 135
7 5 136
15 5 136
23 5 136
31 5 136
56 5 136
57 5 136
58 5 136
59 5 136
7 5 137
15 5 137
23 5 137
31 5 137
56 5 137
57 5 137
58 5 137
59 5 137
7 5 138
15 5 138
23 5 138
31 5 138
56 5 138
57 5 138
58 5 138
59 5 138
7 5 139
15 5 139
23 5 139
31 5 139
56 5 139
57 5 139
58 5 139
59 5 139
7 5 140
15 5 140
23 5 140
31 5 140
56 5 140
57 5 140
58 5 140
59 5 140
7 5 141
15 5 141
23 5 141
31 5 141
56 5 141
57 5 141
58 5 141
59 5 141
7 5 142
15 5 142
23 5 142
31 5 142
56 5 142
57 5 142
58 5 142
59 5 142
7 5 143
15 5 143
23 5 143
31 5 143
56 5 143
57 5 143
58 5 143
59 5 143
7 5 144
15 5 144
23 5 144
31 5 144
56 5 144
57 5 144
58 5 144
59 5 144
7 6 145
15 6 145
23 6 145
31 6 145
56 6 145
57 6 145
58 6 145
59 6 145
7 6 146
15 6 146
23 6 146
31 6 146
56 6 146
57 6 146
58 6 146
59 6 146
7 6 147
15 6 147
23 6 147
31 6 147
56 6 147
57 6 147
58 6 147
59 6 147
7 6 148
15 6 148
23 6 148
31 6 148
56 6 148
57 6 148
58 6 148
59 6 148
7 6 149
15 6 149
23 6 149
31 6 149
56 6 149
57 6 149
58 6 149
59 6 149
7 6 150
15 6 150
23 6 150
31 6 150
56 6 150
57 6 150
58 6 150
59 6 150
7 6 151
15 6 151
23 6 151
31 6 151
56 6 151
57 6 151
58 6 151
59 6 151
7 6 152
15 6 152
23 6 152
31 6 152
56 6 152
57 6 152
58 6 152
59 6 152
7 6 153
15 6 153
23 6 153
31 6 153
56 6 153
57 6 153
58 6 153
59 6 153
7 6 154
15 6 154
23 6 154
31 6 154
56 6 154
57 6 154
58 6 154
59 6 154
7 6 155
15 6 155
23 6 155
31 6 155
56 6 155
57 6 155
58 6 155
59 6 155
7 6 156
15 6 156
23 6 156
31 6 156
56 6 156
57 6 156
58 6 156
59 6 156
7 6 157
15 6 157
23 6 157
31 6 157
56 6 157
57 6 157
58 6 157
59 6 157
7 6 158
15 6 158
23 6 158
31 6 158
56 6 158
57 6 158
58 6 158
59 6 158
7 6 159
15 6 159
23 6 159
31 6 159
56 6 159
57 6 159
58 6 159
59 6 159
7 6 160
15 6 160
23 6 160
31 6 160
56 6 160
57 6 160
58 6 160
59 6 160
7 6 161
15 6 161
23 6 161
31 6 161
56 6 161
57 6 161
58 6 161
59 6 161
7 6 162
15 6 162
23 6 162
31 6 162
56 6 162
57 6 162
58 6 162
59 6 162
7 6 163
15 6 163
23 6 163
31 6 163
56 6 163
57 6 163
58 6 163
59 6 163
7 6 164
15 6 164
23 6 164
31 6 164
56 6 164
57 6 164
58 6 164
59 6 164
7 6 165
15 6 165
23 6 165
31 6 165
56 6 165
57 6 165
58 6 165
59 6 165
7 6 166
15 6 166
23 6 166
31 6 166
56 6 166
57 6 166
58 6 166
59 6 166
7 6 167
15 6 167
23 6 167
31 6 167
56 6 167
57 6 167
58 6 167
59 6 167
7 6 168
15 6 168
23 6 168
31 6 168
56 6 168
57 6 168
58 6 168
59 6 168
7 6 169
15 6 169
23 6 169
31 6 169
56 6 169
57 6 169
58 6 169
59 6 169
7 6 170
15 6 170
23 6 170
31 6 170
56 6 170
57 6 170
58 6 170
59 6 170
7 6 171
15 6 171
23 6 171
31 6 171
56 6 171
57 6 171
58 6 171
59 6 171
7 6 172
15 6 172
23 6 172
31 6 172
56 6 172
57 6 172
58 6 172
59 6 172
7 6 173
15 6 173
23 6 173
31 6 173
56 6 173
57 6 173
58 6 173
59 6 173
7 6 174
15 6 174
23 6 174
31 6 174
56 6 174
57 6 174
58 6 174
59 6 174
7 6 175
15 6 175
23 6 175
31 6 175
56 6 175
57 6 175
58 6 175
59 6 175
7 6 176
15 6 176
23 6 176
31 6 176
56 6 176
57 6 176
58 6 176
59 6 176
7 6 177
15 6 177
23 6 177
31 6 177
56 6 177
57 6 177
58 6 177
59 6 177
7 6 178
15 6 178
23 6 178
31 6 178
56 6 178
57 6 178
58 6 178
59 6 178
7 6 179
15 6 179
23 6 179
31 6 179
56 6 179
57 6 179
58 6 179
59 6 179
7 6 180
15 6 180
23 6 180
31 6 180
56 6 180
57 6 180
58 6 180
59 6 180
7 6 181
15 6 181
23 6 181
31 6 181
56 6 181
57 6 181
58 6 181
59 6 181
7 6 182
15 6 182
23 6 182
31 6 182
56 6 182
57 6 182
58 6 182
59 6 182
7 6 183
15 6 183
23 6 183
31 6 183
56 6 183
57 6 183
58 6 183
59 6 183
7 6 184
15 6 184
23 6 184
31 6 184
56 6 184
57 6 184
58 6 184
59 6 184
7 6 185
15 6 185
23 6 185
31 6 185
56 6 185
57 6 185
58 6 185
59 6 185
7 6 186
15 6 186
23 6 186
31 6 186
56 6 186
57 6 186
58 6 186
59 6 186
7 6 187
15 6 187
23 6 187
31 6 187
56 6 187
57 6 187
58 6 187
59 6 187
7 6 188
15 6 188
23 6 188
31 6 188
56 6 188
57 6 188
58 6 188
59 6 188
7 6 189
15 6 189
23 6 189
31 6 189
56 6 189
57 6 189
58 6 189
59 6 189
7 6 190
15 6 190
23 6 190
31 6 190
56 6 190
57 6 190
58 6 190
59 6 190
7 6 191
15 6 191
23 6 191
31 6 191
56 6 191
57 6 191
58 6 191
59 6 191
7 6 192
15 6 192
23 6 192
31 6 192
56 6 192
57 6 192
58 6 192
59 6 192
7 16 193
15 16 193
23 16 193
31 16 193
56 16 193
57 16 193
58 16 193
59 16 193
7 16 194
15 16 194
23 16 194
31 16 194
56 16 194
57 16 194
58 16 194
59 16 194
7 16 195
15 16 195
23 16 195
31 16 195
56 16 195
57 16 195
58 16 195
59 16 195
7 16 196
15 16 196
23 16 196
31 16 196
56 16 196
57 16 196
58 16 196
59 16 196
7 16 197
15 16 197
23 16 197
31 16 197
56 16 197
57 16 197
58 16 197
59 16 197
7 16 198
15 16 198
23 16 198
31 16 198
56 16 198
57 16 198
58 16 198
59 16 198
7 16 199
15 16 199
23 16 199
31 16 199
56 16 199
57 16 199
58 16 199
59 16 199
7 16 200
15 16 200
23 16 200
31 16 200
56 16 200
57 16 200
58 16 200
59 16 200
7 16 201
15 16 201
23 16 201
31 16 201
56 16 201
57 16 201
58 16 201
59 16 201
7 16 202
15 16 202
23 16 202
31 16 202
56 16 202
57 16 202
58 16 202
59 16 202
7 16 203
15 16 203
23 16 203
31 16 203
56 16 203
57 16 203
58 16 203
59 16 203
7 16 204
15 16 204
23 16 204
31 16 204
56 16 204
57 16 204
58 16 204
59 16 204
7 16 205
15 16 205
23 16 205
31 16 205
56 16 205
57 16 205
58 16 205
59 16 205
7 16 206
15 16 206
23 16 206
31 16 206
56 16 206
57 16 206
58 16 206
59 16 206
7 16 207
15 16 207
23 16 207
31 16 207
56 16 207
57 16 207
58 16 207
59 16 207
7 16 208
15 16 208
23 16 208
31 16 208
56 16 208
57 16 208
58 16 208
59 16 208
7 16 209
15 16 209
23 16 209
31 16 209
56 16 209
57 16 209
58 16 209
59 16 209
7 16 210
15 16 210
23 16 210
31 16 210
56 16 210
57 16 210
58 16 210
59 16 210
7 16 211
15 16 211
23 16 211
31 16 211
56 16 211
57 16 211
58 16 211
59 16 211
7 16 212
15 16 212
23 16 212
31 16 212
56 16 212
57 16 212
58 16 212
59 16 212
7 16 213
15 16 213
23 16 213
31 16 213
56 16 213
57 16 213
58 16 213
59 16 213
7 16 214
15 16 214
23 16 214
31 16 214
56 16 214
57 16 214
58 16 214
59 16 214
7 16 215
15 16 215
23 16 215
31 16 215
56 16 215
57 16 215
58 16 215
59 16 215
7 16 216
15 16 216
23 16 216
31 16 216
56 16 216
57 16 216
58 16 216
59 16 216
7 16 217
15 16 217
23 16 217
31 16 217
56 16 217
57 16 217
58 16 217
59 16 217
7 16 218
15 16 218
23 16 218
31 16 218
56 16 218
57 16 218
58 16 218
59 16 218
7 16 219
15 16 219
23 16 219
31 16 219
56 16 219
57 16 219
58 16 219
59 16 219
7 16 220
15 16 220
23 16 220
31 16 220
56 16 220
57 16 220
58 16 220
59 16 220
7 16 221
15 16 221
23 16 221
31 16 221
56 16 221
57 16 221
58 16 221
59 16 221
7 16 222
15 16 222
23 16 222
31 16 222
56 16 222
57 16 222
58 16 222
59 16 222
7 16 223
15 16 223
23 16 223
31 16 223
56 16 223
57 16 223
58 16 223
59 16 223
7 16 224
15 16 224
23 16 224
31 16 224
56 16 224
57 16 224
58 16 224
59 16 224
7 16 225
15 16 225
23 16 225
31 16 225
56 16 225
57 16 225
58 16 225
59 16 225
7 16 226
15 16 226
23 16 226
31 16 226
56 16 226
57 16 226
58 16 226
59 16 226
7 16 227
15 16 227
23 16 227
31 16 227
56 16 227
57 16 227
58 16 227
59 16 227
7 16 228
15 16 228
23 16 228
31 16 228
56 16 228
57 16 228
58 16 228
59 16 228
7 16 229
15 16 229
23 16 229
31 16 229
56 16 229
57 16 229
58 16 229
59 16 229
7 16 230
15 16 230
23 16 230
31 16 230
56 16 230
57 16 230
58 16 230
59 16 230
7 16 231
15 16 231
23 16 231
31 16 231
56 16 231
57 16 231
58 16 231
59 16 231
7 16 232
15 16 232
23 16 232
31 16 232
56 16 232
57 16 232
58 16 232
59 16 232
7 16 233
15 16 233
23 16 233
31 16 233
56 16 233
57 16 233
58 16 233
59 16 233
7 16 234
15 16 234
23 16 234
31 16 234
56 16 234
57 16 234
58 16 234
59 16 234
7 16 235
15 16 235
23 16 235
31 16 235
56 16 235
57 16 235
58 16 235
59 16 235
7 16 236
15 16 236
23 16 236
31 16 236
56 16 236
57 16 236
58 16 236
59 16 236
7 16 237
15 16 237
23 16 237
31 16 237
56 16 237
57 16 237
58 16 237
59 16 237
7 16 238
15 16 238
23 16 238
31 16 238
56 16 238
57 16 238
58 16 238
59 16 238
7 16 239
15 16 239
23 16 239
31 16 239
56 16 239
57 16 239
58 16 239
59 16 239
7 16 240
15 16 240
23 16 240
31 16 240
56 16 240
57 16 240
58 16 240
59 16 240
7 24 241
15 24 241
23 24 241
31 24 241
56 24 241
57 24 241
58 24 241
59 24 241
7 24 242
15 24 242
23 24 242
31 24 242
56 24 242
57 24 242
58 24 242
59 24 242
7 24 243
15 24 243
23 24 243
31 24 243
56 24 243
57 24 243
58 24 243
59 24 243
7 24 244
15 24 244
23 24 244
31 24 244
56 24 244
57 24 244
58 24 244
59 24 244
7 24 245
15 24 245
23 24 245
31 24 245
56 24 245
57 24 245
58 24 245
59 24 245
7 24 246
15 24 246
23 24 246
31 24 246
56 24 246
57 24 246
58 24 246
59 24 246
7 24 247
15 24 247
23 24 247
31 24 247
56 24 247
57 24 247
58 24 247
59 24 247
7 24 248
15 24 248
23 24 248
31 24 248
56 24 248
57 24 248
58 24 248
59 24 248
7 24 249
15 24 249
23 24 249
31 24 249
56 24 249
57 24 249
58 24 249
59 24 249
7 24 250
15 24 250
23 24 250
31 24 250
56 24 250
57 24 250
58 24 250
59 24 250
7 24 251
15 24 251
23 24 251
31 24 251
56 24 251
57 24 251
58 24 251
59 24 251
7 24 252
15 24 252
23 24 252
31 24 252
56 24 252
57 24 252
58 24 252
59 24 252
7 24 253
15 24 253
23 24 253
31 24 253
56 24 253
57 24 253
58 24 253
59 24 253
7 24 254
15 24 254
23 24 254
31 24 254
56 24 254
57 24 254
58 24 254
59 24 254
7 24 255
15 24 255
23 24 255
31 24 255
56 24 255
57 24 255
58 24 255
59 24 255
7 24 256
15 24 256
23 24 256
31 24 256
56 24 256
57 24 256
58 24 256
59 24 256
7 24 257
15 24 257
23 24 257
31 24 257
56 24 257
57 24 257
58 24 257
59 24 257
7 24 258
15 24 258
23 24 258
31 24 258
56 24 258
57 24 258
58 24 258
59 24 258
7 24 259
15 24 259
23 24 259
31 24 259
56 24 259
57 24 259
58 24 259
59 24 259
7 24 260
15 24 260
23 24 260
31 24 260
56 24 260
57 24 260
58 24 260
59 24 260
7 24 261
15 24 261
23 24 261
31 24 261
56 24 261
57 24 261
58 24 261
59 24 261
7 24 262
15 24 262
23 24 262
31 24 262
56 24 262
57 24 262
58 24 262
59 24 262
7 24 263
15 24 263
23 24 263
31 24 263
56 24 263
57 24 263
58 24 263
59 24 263
7 24 264
15 24 264
23 24 264
31 24 264
56 24 264
57 24 264
58 24 264
59 24 264
7 24 265
15 24 265
23 24 265
31 24 265
56 24 265
57 24 265
58 24 265
59 24 265
7 24 266
15 24 266
23 24 266
31 24 266
56 24 266
57 24 266
58 24 266
59 24 266
7 24 267
15 24 267
23 24 267
31 24 267
56 24 267
57 24 267
58 24 267
59 24 267
7 24 268
15 24 268
23 24 268
31 24 268
56 24 268
57 24 268
58 24 268
59 24 268
7 24 269
15 24 269
23 24 269
31 24 269
56 24 269
57 24 269
58 24 269
59 24 269
7 24 270
15 24 270
23 24 270
31 24 270
56 24 270
57 24 270
58 24 270
59 24 270
7 24 271
15 24 271
23 24 271
31 24 271
56 24 271
57 24 271
58 24 271
59 24 271
7 24 272
15 24 272
23 24 272
31 24 272
56 24 272
57 24 272
58 24 272
59 24 272
7 24 273
15 24 273
23 24 273
31 24 273
56 24 273
57 24 273
58 24 273
59 24 273
7 24 274
15 24 274
23 24 274
31 24 274
56 24 274
57 24 274
58 24 274
59 24 274
7 24 275
15 24 275
23 24 275
31 24 275
56 24 275
57 24 275
58 24 275
59 24 275
7 24 276
15 24 276
23 24 276
31 24 276
56 24 276
57 24 276
58 24 276
59 24 276
7 24 277
15 24 277
23 24 277
31 24 277
56 24 277
57 24 277
58 24 277
59 24 277
7 24 278
15 24 278
23 24 278
31 24 278
56 24 278
57 24 278
58 24 278
59 24 278
7 24 279
15 24 279
23 24 279
31 24 279
56 24 279
57 24 279
58 24 279
59 24 279
7 24 280
15 24 280
23 24 280
31 24 280
56 24 280
57 24 280
58 24 280
59 24 280
7 24 281
15 24 281
23 24 281
31 24 281
56 24 281
57 24 281
58 24 281
59 24 281
7 24 282
15 24 282
23 24 282
31 24 282
56 24 282
57 24 282
58 24 282
59 24 282
7 24 283
15 24 283
23 24 283
31 24 283
56 24 283
57 24 283
58 24 283
59 24 283
7 24 284
15 24 284
23 24 284
31 24 284
56 24 284
57 24 284
58 24 284
59 24 284
7 24 285
15 24 285
23 24 285
31 24 285
56 24 285
57 24 285
58 24 285
59 24 285
7 24 286
15 24 286
23 24 286
31 24 286
56 24 286
57 24 286
58 24 286
59 24 286
7 24 287
15 24 287
23 24 287
31 24 287
56 24 287
57 24 287
58 24 287
59 24 287
7 24 288
15 24 288
23 24 288
31 24 288
56 24 288
57 24 288
58 24 288
59 24 288
7 32 289
15 32 289
23 32 289
31 32 289
56 32 289
57 32 289
58 32 289
59 32 289
7 32 290
15 32 290
23 32 290
31 32 290
56 32 290
57 32 290
58 32 290
59 32 290
7 32 291
15 32 291
23 32 291
31 32 291
56 32 291
57 32 291
58 32 291
59 32 291
7 32 292
15 32 292
23 32 292
31 32 292
56 32 292
57 32 292
58 32 292
59 32 292
7 32 293
15 32 293
23 32 293
31 32 293
56 32 293
57 32 293
58 32 293
59 32 293
7 32 294
15 32 294
23 32 294
31 32 294
56 32 294
57 32 294
58 32 294
59 32 294
7 32 295
15 32 295
23 32 295
31 32 295
56 32 295
57 32 295
58 32 295
59 32 295
7 32 296
15 32 296
23 32 296
31 32 296
56 32 296
57 32 296
58 32 296
59 32 296
7 32 297
15 32 297
23 32 297
31 32 297
56 32 297
57 32 297
58 32 297
59 32 297
7 32 298
15 32 298
23 32 298
31 32 298
56 32 298
57 32 298
58 32 298
59 32 298
7 32 299
15 32 299
23 32 299
31 32 299
56 32 299
57 32 299
58 32 299
59 32 299
7 32 300
15 32 300
23 32 300
31 32 300
56 32 300
57 32 300
58 32 300
59 32 300
7 32 301
15 32 301
23 32 301
31 32 301
56 32 301
57 32 301
58 32 301
59 32 301
7 32 302
15 32 302
23 32 302
31 32 302
56 32 302
57 32 302
58 32 302
59 32 302
7 32 303
15 32 303
23 32 303
31 32 303
56 32 303
57 32 303
58 32 303
59 32 303
7 32 304
15 32 304
23 32 304
31 32 304
56 32 304
57 32 304
58 32 304
59 32 304
7 32 305
15 32 305
23 32 305
31 32 305
56 32 305
57 32 305
58 32 305
59 32 305
7 32 306
15 32 306
23 32 306
31 32 306
56 32 306
57 32 306
58 32 306
59 32 306
7 32 307
15 32 307
23 32 307
31 32 307
56 32 307
57 32 307
58 32 307
59 32 307
7 32 308
15 32 308
23 32 308
31 32 308
56 32 308
57 32 308
58 32 308
59 32 308
7 32 309
15 32 309
23 32 309
31 32 309
56 32 309
57 32 309
58 32 309
59 32 309
7 32 310
15 32 310
23 32 310
31 32 310
56 32 310
57 32 310
58 32 310
59 32 310
7 32 311
15 32 311
23 32 311
31 32 311
56 32 311
57 32 311
58 32 311
59 32 311
7 32 312
15 32 312
23 32 312
31 32 312
56 32 312
57 32 312
58 32 312
59 32 312
7 32 313
15 32 313
23 32 313
31 32 313
56 32 313
57 32 313
58 32 313
59 32 313
7 32 314
15 32 314
23 32 314
31 32 314
56 32 314
57 32 314
58 32 314
59 32 314
7 32 315
15 32 315
23 32 315
31 32 315
56 32 315
57 32 315
58 32 315
59 32 315
7 32 316
15 32 316
23 32 316
31 32 316
56 32 316
57 32 316
58 32 316
59 32 316
7 32 317
15 32 317
23 32 317
31 32 317
56 32 317
57 32 317
58 32 317
59 32 317
7 32 318
15 32 318
23 32 318
31 32 318
56 32 318
57 32 318
58 32 318
59 32 318
7 32 319
15 32 319
23 32 319
31 32 319
56 32 319
57 32 319
58 32 319
59 32 319
7 32 320
15 32 320
23 32 320
31 32 320
56 32 320
57 32 320
58 32 320
59 32 320
7 32 321
15 32 321
23 32 321
31 32 321
56 32 321
57 32 321
58 32 321
59 32 321
7 32 322
15 32 322
23 32 322
31 32 322
56 32 322
57 32 322
58 32 322
59 32 322
7 32 323
15 32 323
23 32 323
31 32 323
56 32 323
57 32 323
58 32 323
59 32 323
7 32 324
15 32 324
23 32 324
31 32 324
56 32 324
57 32 324
58 32 324
59 32 324
7 32 325
15 32 325
23 32 325
31 32 325
56 32 325
57 32 325
58 32 325
59 32 325
7 32 326
15 32 326
23 32 326
31 32 326
56 32 326
57 32 326
58 32 326
59 32 326
7 32 327
15 32 327
23 32 327
31 32 327
56 32 327
57 32 327
58 32 327
59 32 327
7 32 328
15 32 328
23 32 328
31 32 328
56 32 328
57 32 328
58 32 328
59 32 328
7 32 329
15 32 329
23 32 329
31 32 329
56 32 329
57 32 329
58 32 329
59 32 329
7 32 330
15 32 330
23 32 330
31 32 330
56 32 330
57 32 330
58 32 330
59 32 330
7 32 331
15 32 331
23 32 331
31 32 331
56 32 331
57 32 331
58 32 331
59 32 331
7 32 332
15 32 332
23 32 332
31 32 332
56 32 332
57 32 332
58 32 332
59 32 332
7 32 333
15 32 333
23 32 333
31 32 333
56 32 333
57 32 333
58 32 333
59 32 333
7 32 334
15 32 334
23 32 334
31 32 334
56 32 334
57 32 334
58 32 334
59 32 334
7 32 335
15 32 335
23 32 335
31 32 335
56 32 335
57 32 335
58 32 335
59 32 335
7 32 336
15 32 336
23 32 336
31 32 336
56 32 336
57 32 336
58 32 336
59 32 336
7 40 337
15 40 337
23 40 337
31 40 337
56 40 337
57 40 337
58 40 337
59 40 337
7 40 338
15 40 338
23 40 338
31 40 338
56 40 338
57 40 338
58 40 338
59 40 338
7 40 339
15 40 339
23 40 339
31 40 339
56 40 339
57 40 339
58 40 339
59 40 339
7 40 340
15 40 340
23 40 340
31 40 340
56 40 340
57 40 340
58 40 340
59 40 340
7 40 341
15 40 341
23 40 341
31 40 341
56 40 341
57 40 341
58 40 341
59 40 341
7 40 342
15 40 342
23 40 342
31 40 342
56 40 342
57 40 342
58 40 342
59 40 342
7 40 343
15 40 343
23 40 343
31 40 343
56 40 343
57 40 343
58 40 343
59 40 343
7 40 344
15 40 344
23 40 344
31 40 344
56 40 344
57 40 344
58 40 344
59 40 344
7 40 345
15 40 345
23 40 345
31 40 345
56 40 345
57 40 345
58 40 345
59 40 345
7 40 346
15 40 346
23 40 346
31 40 346
56 40 346
57 40 346
58 40 346
59 40 346
7 40 347
15 40 347
23 40 347
31 40 347
56 40 347
57 40 347
58 40 347
59 40 347
7 40 348
15 40 348
23 40 348
31 40 348
56 40 348
57 40 348
58 40 348
59 40 348
7 40 349
15 40 349
23 40 349
31 40 349
56 40 349
57 40 349
58 40 349
59 40 349
7 40 350
15 40 350
23 40 350
31 40 350
56 40 350
57 40 350
58 40 350
59 40 350
7 40 351
15 40 351
23 40 351
31 40 351
56 40 351
57 40 351
58 40 351
59 40 351
7 40 352
15 40 352
23 40 352
31 40 352
56 40 352
57 40 352
58 40 352
59 40 352
7 40 353
15 40 353
23 40 353
31 40 353
56 40 353
57 40 353
58 40 353
59 40 353
7 40 354
15 40 354
23 40 354
31 40 354
56 40 354
57 40 354
58 40 354
59 40 354
7 40 355
15 40 355
23 40 355
31 40 355
56 40 355
57 40 355
58 40 355
59 40 355
7 40 356
15 40 356
23 40 356
31 40 356
56 40 356
57 40 356
58 40 356
59 40 356
7 40 357
15 40 357
23 40 357
31 40 357
56 40 357
57 40 357
58 40 357
59 40 357
7 40 358
15 40 358
23 40 358
31 40 358
56 40 358
57 40 358
58 40 358
59 40 358
7 40 359
15 40 359
23 40 359
31 40 359
56 40 359
57 40 359
58 40 359
59 40 359
7 40 360
15 40 360
23 40 360
31 40 360
56 40 360
57 40 360
58 40 360
59 40 360
7 40 361
15 40 361
23 40 361
31 40 361
56 40 361
57 40 361
58 40 361
59 40 361
7 40 362
15 40 362
23 40 362
31 40 362
56 40 362
57 40 362
58 40 362
59 40 362
7 40 363
15 40 363
23 40 363
31 40 363
56 40 363
57 40 363
58 40 363
59 40 363
7 40 364
15 40 364
23 40 364
31 40 364
56 40 364
57 40 364
58 40 364
59 40 364
7 40 365
15 40 365
23 40 365
31 40 365
56 40 365
57 40 365
58 40 365
59 40 365
7 40 366
15 40 366
23 40 366
31 40 366
56 40 366
57 40 366
58 40 366
59 40 366
7 40 367
15 40 367
23 40 367
31 40 367
56 40 367
57 40 367
58 40 367
59 40 367
7 40 368
15 40 368
23 40 368
31 40 368
56 40 368
57 40 368
58 40 368
59 40 368
7 40 369
15 40 369
23 40 369
31 40 369
56 40 369
57 40 369
58 40 369
59 40 369
7 40 370
15 40 370
23 40 370
31 40 370
56 40 370
57 40 370
58 40 370
59 40 370
7 40 371
15 40 371
23 40 371
31 40 371
56 40 371
57 40 371
58 40 371
59 40 371
7 40 372
15 40 372
23 40 372
31 40 372
56 40 372
57 40 372
58 40 372
59 40 372
7 40 373
15 40 373
23 40 373
31 40 373
56 40 373
57 40 373
58 40 373
59 40 373
7 40 374
15 40 374
23 40 374
31 40 374
56 40 374
57 40 374
58 40 374
59 40 374
7 40 375
15 40 375
23 40 375
31 40 375
56 40 375
57 40 375
58 40 375
59 40 375
7 40 376
15 40 376
23 40 376
31 40 376
56 40 376
57 40 376
58 40 376
59 40 376
7 40 377
15 40 377
23 40 377
31 40 377
56 40 377
57 40 377
58 40 377
59 40 377
7 40 378
15 40 378
23 40 378
31 40 378
56 40 378
57 40 378
58 40 378
59 40 378
7 40 379
15 40 379
23 40 379
31 40 379
56 40 379
57 40 379
58 40 379
59 40 379
7 40 380
15 40 380
23 40 380
31 40 380
56 40 380
57 40 380
58 40 380
59 40 380
7 40 381
15 40 381
23 40 381
31 40 381
56 40 381
57 40 381
58 40 381
59 40 381
7 40 382
15 40 382
23 40 382
31 40 382
56 40 382
57 40 382
58 40 382
59 40 382
7 40 383
15 40 383
23 40 383
31 40 383
56 40 383
57 40 383
58 40 383
59 40 383
7 40 384
15 40 384
23 40 384
31 40 384
56 40 384
57 40 384
58 40 384
59 40 384
