26 3 1
27 3 1
28 3 1
29 3 1
30 3 1
33 3 1
34 3 1
35 3 1
36 3 1
37 3 1
38 3 1
41 3 1
42 3 1
43 3 1
44 3 1
45 3 1
7 3 1
15 3 1
23 3 1
31 3 1
56 3 1
57 3 1
58 3 1
59 3 1
26 4 2
27 4 2
28 4 2
29 4 2
30 4 2
33 4 2
34 4 2
35 4 2
36 4 2
37 4 2
38 4 2
41 4 2
42 4 2
43 4 2
44 4 2
45 4 2
7 3 2
15 3 2
23 3 2
31 3 2
56 3 2
57 3 2
58 3 2
59 3 2
26 5 3
27 5 3
28 5 3
29 5 3
30 5 3
33 5 3
34 5 3
35 5 3
36 5 3
37 5 3
38 5 3
41 5 3
42 5 3
43 5 3
44 5 3
45 5 3
7 3 3
15 3 3
23 3 3
31 3 3
56 3 3
57 3 3
58 3 3
59 3 3
26 6 4
27 6 4
28 6 4
29 6 4
30 6 4
33 6 4
34 6 4
35 6 4
36 6 4
37 6 4
38 6 4
41 6 4
42 6 4
43 6 4
44 6 4
45 6 4
7 3 4
15 3 4
23 3 4
31 3 4
56 3 4
57 3 4
58 3 4
59 3 4
26 8 5
27 8 5
28 8 5
29 8 5
30 8 5
33 8 5
34 8 5
35 8 5
36 8 5
37 8 5
38 8 5
41 8 5
42 8 5
43 8 5
44 8 5
45 8 5
7 3 5
15 3 5
23 3 5
31 3 5
56 3 5
57 3 5
58 3 5
59 3 5
26 16 6
27 16 6
28 16 6
29 16 6
30 16 6
33 16 6
34 16 6
35 16 6
36 16 6
37 16 6
38 16 6
41 16 6
42 16 6
43 16 6
44 16 6
45 16 6
7 3 6
15 3 6
23 3 6
31 3 6
56 3 6
57 3 6
58 3 6
59 3 6
26 24 7
27 24 7
28 24 7
29 24 7
30 24 7
33 24 7
34 24 7
35 24 7
36 24 7
37 24 7
38 24 7
41 24 7
42 24 7
43 24 7
44 24 7
45 24 7
7 3 7
15 3 7
23 3 7
31 3 7
56 3 7
57 3 7
58 3 7
59 3 7
26 32 8
27 32 8
28 32 8
29 32 8
30 32 8
33 32 8
34 32 8
35 32 8
36 32 8
37 32 8
38 32 8
41 32 8
42 32 8
43 32 8
44 32 8
45 32 8
7 3 8
15 3 8
23 3 8
31 3 8
56 3 8
57 3 8
58 3 8
59 3 8
26 7 9
27 7 9
28 7 9
29 7 9
30 7 9
33 7 9
34 7 9
35 7 9
36 7 9
37 7 9
38 7 9
41 7 9
42 7 9
43 7 9
44 7 9
45 7 9
7 3 9
15 3 9
23 3 9
31 3 9
56 3 9
57 3 9
58 3 9
59 3 9
26 7 10
27 7 10
28 7 10
29 7 10
30 7 10
33 7 10
34 7 10
35 7 10
36 7 10
37 7 10
38 7 10
41 7 10
42 7 10
43 7 10
44 7 10
45 7 10
7 3 10
15 3 10
23 3 10
31 3 10
56 3 10
57 3 10
58 3 10
59 3 10
26 7 11
27 7 11
28 7 11
29 7 11
30 7 11
33 7 11
34 7 11
35 7 11
36 7 11
37 7 11
38 7 11
41 7 11
42 7 11
43 7 11
44 7 11
45 7 11
7 3 11
15 3 11
23 3 11
31 3 11
56 3 11
57 3 11
58 3 11
59 3 11
26 15 12
27 15 12
28 15 12
29 15 12
30 15 12
33 15 12
34 15 12
35 15 12
36 15 12
37 15 12
38 15 12
41 15 12
42 15 12
43 15 12
44 15 12
45 15 12
7 3 12
15 3 12
23 3 12
31 3 12
56 3 12
57 3 12
58 3 12
59 3 12
26 15 13
27 15 13
28 15 13
29 15 13
30 15 13
33 15 13
34 15 13
35 15 13
36 15 13
37 15 13
38 15 13
41 15 13
42 15 13
43 15 13
44 15 13
45 15 13
7 3 13
15 3 13
23 3 13
31 3 13
56 3 13
57 3 13
58 3 13
59 3 13
26 15 14
27 15 14
28 15 14
29 15 14
30 15 14
33 15 14
34 15 14
35 15 14
36 15 14
37 15 14
38 15 14
41 15 14
42 15 14
43 15 14
44 15 14
45 15 14
7 3 14
15 3 14
23 3 14
31 3 14
56 3 14
57 3 14
58 3 14
59 3 14
26 23 15
27 23 15
28 23 15
29 23 15
30 23 15
33 23 15
34 23 15
35 23 15
36 23 15
37 23 15
38 23 15
41 23 15
42 23 15
43 23 15
44 23 15
45 23 15
7 3 15
15 3 15
23 3 15
31 3 15
56 3 15
57 3 15
58 3 15
59 3 15
26 23 16
27 23 16
28 23 16
29 23 16
30 23 16
33 23 16
34 23 16
35 23 16
36 23 16
37 23 16
38 23 16
41 23 16
42 23 16
43 23 16
44 23 16
45 23 16
7 3 16
15 3 16
23 3 16
31 3 16
56 3 16
57 3 16
58 3 16
59 3 16
26 23 17
27 23 17
28 23 17
29 23 17
30 23 17
33 23 17
34 23 17
35 23 17
36 23 17
37 23 17
38 23 17
41 23 17
42 23 17
43 23 17
44 23 17
45 23 17
7 3 17
15 3 17
23 3 17
31 3 17
56 3 17
57 3 17
58 3 17
59 3 17
26 31 18
27 31 18
28 31 18
29 31 18
30 31 18
33 31 18
34 31 18
35 31 18
36 31 18
37 31 18
38 31 18
41 31 18
42 31 18
43 31 18
44 31 18
45 31 18
7 3 18
15 3 18
23 3 18
31 3 18
56 3 18
57 3 18
58 3 18
59 3 18
26 31 19
27 31 19
28 31 19
29 31 19
30 31 19
33 31 19
34 31 19
35 31 19
36 31 19
37 31 19
38 31 19
41 31 19
42 31 19
43 31 19
44 31 19
45 31 19
7 3 19
15 3 19
23 3 19
31 3 19
56 3 19
57 3 19
58 3 19
59 3 19
26 31 20
27 31 20
28 31 20
29 31 20
30 31 20
33 31 20
34 31 20
35 31 20
36 31 20
37 31 20
38 31 20
41 31 20
42 31 20
43 31 20
44 31 20
45 31 20
7 3 20
15 3 20
23 3 20
31 3 20
56 3 20
57 3 20
58 3 20
59 3 20
26 56 21
27 56 21
28 56 21
29 56 21
30 56 21
33 56 21
34 56 21
35 56 21
36 56 21
37 56 21
38 56 21
41 56 21
42 56 21
43 56 21
44 56 21
45 56 21
7 3 21
15 3 21
23 3 21
31 3 21
56 3 21
57 3 21
58 3 21
59 3 21
26 56 22
27 56 22
28 56 22
29 56 22
30 56 22
33 56 22
34 56 22
35 56 22
36 56 22
37 56 22
38 56 22
41 56 22
42 56 22
43 56 22
44 56 22
45 56 22
7 3 22
15 3 22
23 3 22
31 3 22
56 3 22
57 3 22
58 3 22
59 3 22
26 56 23
27 56 23
28 56 23
29 56 23
30 56 23
33 56 23
34 56 23
35 56 23
36 56 23
37 56 23
38 56 23
41 56 23
42 56 23
43 56 23
44 56 23
45 56 23
7 3 23
15 3 23
23 3 23
31 3 23
56 3 23
57 3 23
58 3 23
59 3 23
26 57 24
27 57 24
28 57 24
29 57 24
30 57 24
33 57 24
34 57 24
35 57 24
36 57 24
37 57 24
38 57 24
41 57 24
42 57 24
43 57 24
44 57 24
45 57 24
7 3 24
15 3 24
23 3 24
31 3 24
56 3 24
57 3 24
58 3 24
59 3 24
26 57 25
27 57 25
28 57 25
29 57 25
30 57 25
33 57 25
34 57 25
35 57 25
36 57 25
37 57 25
38 57 25
41 57 25
42 57 25
43 57 25
44 57 25
45 57 25
7 3 25
15 3 25
23 3 25
31 3 25
56 3 25
57 3 25
58 3 25
59 3 25
26 57 26
27 57 26
28 57 26
29 57 26
30 57 26
33 57 26
34 57 26
35 57 26
36 57 26
37 57 26
38 57 26
41 57 26
42 57 26
43 57 26
44 57 26
45 57 26
7 3 26
15 3 26
23 3 26
31 3 26
56 3 26
57 3 26
58 3 26
59 3 26
26 58 27
27 58 27
28 58 27
29 58 27
30 58 27
33 58 27
34 58 27
35 58 27
36 58 27
37 58 27
38 58 27
41 58 27
42 58 27
43 58 27
44 58 27
45 58 27
7 3 27
15 3 27
23 3 27
31 3 27
56 3 27
57 3 27
58 3 27
59 3 27
26 58 28
27 58 28
28 58 28
29 58 28
30 58 28
33 58 28
34 58 28
35 58 28
36 58 28
37 58 28
38 58 28
41 58 28
42 58 28
43 58 28
44 58 28
45 58 28
7 3 28
15 3 28
23 3 28
31 3 28
56 3 28
57 3 28
58 3 28
59 3 28
26 58 29
27 58 29
28 58 29
29 58 29
30 58 29
33 58 29
34 58 29
35 58 29
36 58 29
37 58 29
38 58 29
41 58 29
42 58 29
43 58 29
44 58 29
45 58 29
7 3 29
15 3 29
23 3 29
31 3 29
56 3 29
57 3 29
58 3 29
59 3 29
26 59 30
27 59 30
28 59 30
29 59 30
30 59 30
33 59 30
34 59 30
35 59 30
36 59 30
37 59 30
38 59 30
41 59 30
42 59 30
43 59 30
44 59 30
45 59 30
7 3 30
15 3 30
23 3 30
31 3 30
56 3 30
57 3 30
58 3 30
59 3 30
26 59 31
27 59 31
28 59 31
29 59 31
30 59 31
33 59 31
34 59 31
35 59 31
36 59 31
37 59 31
38 59 31
41 59 31
42 59 31
43 59 31
44 59 31
45 59 31
7 3 31
15 3 31
23 3 31
31 3 31
56 3 31
57 3 31
58 3 31
59 3 31
26 59 32
27 59 32
28 59 32
29 59 32
30 59 32
33 59 32
34 59 32
35 59 32
36 59 32
37 59 32
38 59 32
41 59 32
42 59 32
43 59 32
44 59 32
45 59 32
7 3 32
15 3 32
23 3 32
31 3 32
56 3 32
57 3 32
58 3 32
59 3 32
7 3 33
15 3 33
23 3 33
31 3 33
56 3 33
57 3 33
58 3 33
59 3 33
7 3 34
15 3 34
23 3 34
31 3 34
56 3 34
57 3 34
58 3 34
59 3 34
7 3 35
15 3 35
23 3 35
31 3 35
56 3 35
57 3 35
58 3 35
59 3 35
7 3 36
15 3 36
23 3 36
31 3 36
56 3 36
57 3 36
58 3 36
59 3 36
7 3 37
15 3 37
23 3 37
31 3 37
56 3 37
57 3 37
58 3 37
59 3 37
7 3 38
15 3 38
23 3 38
31 3 38
56 3 38
57 3 38
58 3 38
59 3 38
7 3 39
15 3 39
23 3 39
31 3 39
56 3 39
57 3 39
58 3 39
59 3 39
7 3 40
15 3 40
23 3 40
31 3 40
56 3 40
57 3 40
58 3 40
59 3 40
7 3 41
15 3 41
23 3 41
31 3 41
56 3 41
57 3 41
58 3 41
59 3 41
7 3 42
15 3 42
23 3 42
31 3 42
56 3 42
57 3 42
58 3 42
59 3 42
7 3 43
15 3 43
23 3 43
31 3 43
56 3 43
57 3 43
58 3 43
59 3 43
7 3 44
15 3 44
23 3 44
31 3 44
56 3 44
57 3 44
58 3 44
59 3 44
7 3 45
15 3 45
23 3 45
31 3 45
56 3 45
57 3 45
58 3 45
59 3 45
7 3 46
15 3 46
23 3 46
31 3 46
56 3 46
57 3 46
58 3 46
59 3 46
7 3 47
15 3 47
23 3 47
31 3 47
56 3 47
57 3 47
58 3 47
59 3 47
7 3 48
15 3 48
23 3 48
31 3 48
56 3 48
57 3 48
58 3 48
59 3 48
7 4 49
15 4 49
23 4 49
31 4 49
56 4 49
57 4 49
58 4 49
59 4 49
7 4 50
15 4 50
23 4 50
31 4 50
56 4 50
57 4 50
58 4 50
59 4 50
7 4 51
15 4 51
23 4 51
31 4 51
56 4 51
57 4 51
58 4 51
59 4 51
7 4 52
15 4 52
23 4 52
31 4 52
56 4 52
57 4 52
58 4 52
59 4 52
7 4 53
15 4 53
23 4 53
31 4 53
56 4 53
57 4 53
58 4 53
59 4 53
7 4 54
15 4 54
23 4 54
31 4 54
56 4 54
57 4 54
58 4 54
59 4 54
7 4 55
15 4 55
23 4 55
31 4 55
56 4 55
57 4 55
58 4 55
59 4 55
7 4 56
15 4 56
23 4 56
31 4 56
56 4 56
57 4 56
58 4 56
59 4 56
7 4 57
15 4 57
23 4 57
31 4 57
56 4 57
57 4 57
58 4 57
59 4 57
7 4 58
15 4 58
23 4 58
31 4 58
56 4 58
57 4 58
58 4 58
59 4 58
7 4 59
15 4 59
23 4 59
31 4 59
56 4 59
57 4 59
58 4 59
59 4 59
7 4 60
15 4 60
23 4 60
31 4 60
56 4 60
57 4 60
58 4 60
59 4 60
7 4 61
15 4 61
23 4 61
31 4 61
56 4 61
57 4 61
58 4 61
59 4 61
7 4 62
15 4 62
23 4 62
31 4 62
56 4 62
57 4 62
58 4 62
59 4 62
7 4 63
15 4 63
23 4 63
31 4 63
56 4 63
57 4 63
58 4 63
59 4 63
7 4 64
15 4 64
23 4 64
31 4 64
56 4 64
57 4 64
58 4 64
59 4 64
7 4 65
15 4 65
23 4 65
31 4 65
56 4 65
57 4 65
58 4 65
59 4 65
7 4 66
15 4 66
23 4 66
31 4 66
56 4 66
57 4 66
58 4 66
59 4 66
7 4 67
15 4 67
23 4 67
31 4 67
56 4 67
57 4 67
58 4 67
59 4 67
7 4 68
15 4 68
23 4 68
31 4 68
56 4 68
57 4 68
58 4 68
59 4 68
7 4 69
15 4 69
23 4 69
31 4 69
56 4 69
57 4 69
58 4 69
59 4 69
7 4 70
15 4 70
23 4 70
31 4 70
56 4 70
57 4 70
58 4 70
59 4 70
7 4 71
15 4 71
23 4 71
31 4 71
56 4 71
57 4 71
58 4 71
59 4 71
7 4 72
15 4 72
23 4 72
31 4 72
56 4 72
57 4 72
58 4 72
59 4 72
7 4 73
15 4 73
23 4 73
31 4 73
56 4 73
57 4 73
58 4 73
59 4 73
7 4 74
15 4 74
23 4 74
31 4 74
56 4 74
57 4 74
58 4 74
59 4 74
7 4 75
15 4 75
23 4 75
31 4 75
56 4 75
57 4 75
58 4 75
59 4 75
7 4 76
15 4 76
23 4 76
31 4 76
56 4 76
57 4 76
58 4 76
59 4 76
7 4 77
15 4 77
23 4 77
31 4 77
56 4 77
57 4 77
58 4 77
59 4 77
7 4 78
15 4 78
23 4 78
31 4 78
56 4 78
57 4 78
58 4 78
59 4 78
7 4 79
15 4 79
23 4 79
31 4 79
56 4 79
57 4 79
58 4 79
59 4 79
7 4 80
15 4 80
23 4 80
31 4 80
56 4 80
57 4 80
58 4 80
59 4 80
7 4 81
15 4 81
23 4 81
31 4 81
56 4 81
57 4 81
58 4 81
59 4 81
7 4 82
15 4 82
23 4 82
31 4 82
56 4 82
57 4 82
58 4 82
59 4 82
7 4 83
15 4 83
23 4 83
31 4 83
56 4 83
57 4 83
58 4 83
59 4 83
7 4 84
15 4 84
23 4 84
31 4 84
56 4 84
57 4 84
58 4 84
59 4 84
7 4 85
15 4 85
23 4 85
31 4 85
56 4 85
57 4 85
58 4 85
59 4 85
7 4 86
15 4 86
23 4 86
31 4 86
56 4 86
57 4 86
58 4 86
59 4 86
7 4 87
15 4 87
23 4 87
31 4 87
56 4 87
57 4 87
58 4 87
59 4 87
7 4 88
15 4 88
23 4 88
31 4 88
56 4 88
57 4 88
58 4 88
59 4 88
7 4 89
15 4 89
23 4 89
31 4 89
56 4 89
57 4 89
58 4 89
59 4 89
7 4 90
15 4 90
23 4 90
31 4 90
56 4 90
57 4 90
58 4 90
59 4 90
7 4 91
15 4 91
23 4 91
31 4 91
56 4 91
57 4 91
58 4 91
59 4 91
7 4 92
15 4 92
23 4 92
31 4 92
56 4 92
57 4 92
58 4 92
59 4 92
7 4 93
15 4 93
23 4 93
31 4 93
56 4 93
57 4 93
58 4 93
59 4 93
7 4 94
15 4 94
23 4 94
31 4 94
56 4 94
57 4 94
58 4 94
59 4 94
7 4 95
15 4 95
23 4 95
31 4 95
56 4 95
57 4 95
58 4 95
59 4 95
7 4 96
15 4 96
23 4 96
31 4 96
56 4 96
57 4 96
58 4 96
59 4 96
7 5 97
15 5 97
23 5 97
31 5 97
56 5 97
57 5 97
58 5 97
59 5 97
7 5 98
15 5 98
23 5 98
31 5 98
56 5 98
57 5 98
58 5 98
59 5 98
7 5 99
15 5 99
23 5 99
31 5 99
56 5 99
57 5 99
58 5 99
59 5 99
7 5 100
15 5 100
23 5 100
31 5 100
56 5 100
57 5 100
58 5 100
59 5 100
7 5 101
15 5 101
23 5 101
31 5 101
56 5 101
57 5 101
58 5 101
59 5 101
7 5 102
15 5 102
23 5 102
31 5 102
56 5 102
57 5 102
58 5 102
59 5 102
7 5 103
15 5 103
23 5 103
31 5 103
56 5 103
57 5 103
58 5 103
59 5 103
7 5 104
15 5 104
23 5 104
31 5 104
56 5 104
57 5 104
58 5 104
59 5 104
7 5 105
15 5 105
23 5 105
31 5 105
56 5 105
57 5 105
58 5 105
59 5 105
7 5 106
15 5 106
23 5 106
31 5 106
56 5 106
57 5 106
58 5 106
59 5 106
7 5 107
15 5 107
23 5 107
31 5 107
56 5 107
57 5 107
58 5 107
59 5 107
7 5 108
15 5 108
23 5 108
31 5 108
56 5 108
57 5 108
58 5 108
59 5 108
7 5 109
15 5 109
23 5 109
31 5 109
56 5 109
57 5 109
58 5 109
59 5 109
7 5 110
15 5 110
23 5 110
31 5 110
56 5 110
57 5 110
58 5 110
59 5 110
7 5 111
15 5 111
23 5 111
31 5 111
56 5 111
57 5 111
58 5 111
59 5 111
7 5 112
15 5 112
23 5 112
31 5 112
56 5 112
57 5 112
58 5 112
59 5 112
7 5 113
15 5 113
23 5 113
31 5 113
56 5 113
57 5 113
58 5 113
59 5 113
7 5 114
15 5 114
23 5 114
31 5 114
56 5 114
57 5 114
58 5 114
59 5 114
7 5 115
15 5 115
23 5 115
31 5 115
56 5 115
57 5 115
58 5 115
59 5 115
7 5 116
15 5 116
23 5 116
31 5 116
56 5 116
57 5 116
58 5 116
59 5 116
7 5 117
15 5 117
23 5 117
31 5 117
56 5 117
57 5 117
58 5 117
59 5 117
7 5 118
15 5 118
23 5 118
31 5 118
56 5 118
57 5 118
58 5 118
59 5 118
7 5 119
15 5 119
23 5 119
31 5 119
56 5 119
57 5 119
58 5 119
59 5 119
7 5 120
15 5 120
23 5 120
31 5 120
56 5 120
57 5 120
58 5 120
59 5 120
7 5 121
15 5 121
23 5 121
31 5 121
56 5 121
57 5 121
58 5 121
59 5 121
7 5 122
15 5 122
23 5 122
31 5 122
56 5 122
57 5 122
58 5 122
59 5 122
7 5 123
15 5 123
23 5 123
31 5 123
56 5 123
57 5 123
58 5 123
59 5 123
7 5 124
15 5 124
23 5 124
31 5 124
56 5 124
57 5 124
58 5 124
59 5 124
7 5 125
15 5 125
23 5 125
31 5 125
56 5 125
57 5 125
58 5 125
59 5 125
7 5 126
15 5 126
23 5 126
31 5 126
56 5 126
57 5 126
58 5 126
59 5 126
7 5 127
15 5 127
23 5 127
31 5 127
56 5 127
57 5 127
58 5 127
59 5 127
7 5 128
15 5 128
23 5 128
31 5 128
56 5 128
57 5 128
58 5 128
59 5 128
7 5 129
15 5 129
23 5 129
31 5 129
56 5 129
57 5 129
58 5 129
59 5 129
7 5 130
15 5 130
23 5 130
31 5 130
56 5 130
57 5 130
58 5 130
59 5 130
7 5 131
15 5 131
23 5 131
31 5 131
56 5 131
57 5 131
58 5 131
59 5 131
7 5 132
15 5 132
23 5 132
31 5 132
56 5 132
57 5 132
58 5 132
59 5 132
7 5 133
15 5 133
23 5 133
31 5 133
56 5 133
57 5 133
58 5 133
59 5 133
7 5 134
15 5 134
23 5 134
31 5 134
56 5 134
57 5 134
58 5 134
59 5 134
7 5 135
15 5 135
23 5 135
31 5 135
56 5 135
57 5 135
58 5 135
59 5 135
7 5 136
15 5 136
23 5 136
31 5 136
56 5 136
57 5 136
58 5 136
59 5 136
7 5 137
15 5 137
23 5 137
31 5 137
56 5 137
57 5 137
58 5 137
59 5 137
7 5 138
15 5 138
23 5 138
31 5 138
56 5 138
57 5 138
58 5 138
59 5 138
7 5 139
15 5 139
23 5 139
31 5 139
56 5 139
57 5 139
58 5 139
59 5 139
7 5 140
15 5 140
23 5 140
31 5 140
56 5 140
57 5 140
58 5 140
59 5 140
7 5 141
15 5 141
23 5 141
31 5 141
56 5 141
57 5 141
58 5 141
59 5 141
7 5 142
15 5 142
23 5 142
31 5 142
56 5 142
57 5 142
58 5 142
59 5 142
7 5 143
15 5 143
23 5 143
31 5 143
56 5 143
57 5 143
58 5 143
59 5 143
7 5 144
15 5 144
23 5 144
31 5 144
56 5 144
57 5 144
58 5 144
59 5 144
7 6 145
15 6 145
23 6 145
31 6 145
56 6 145
57 6 145
58 6 145
59 6 145
7 6 146
15 6 146
23 6 146
31 6 146
56 6 146
57 6 146
58 6 146
59 6 146
7 6 147
15 6 147
23 6 147
31 6 147
56 6 147
57 6 147
58 6 147
59 6 147
7 6 148
15 6 148
23 6 148
31 6 148
56 6 148
57 6 148
58 6 148
59 6 148
7 6 149
15 6 149
23 6 149
31 6 149
56 6 149
57 6 149
58 6 149
59 6 149
7 6 150
15 6 150
23 6 150
31 6 150
56 6 150
57 6 150
58 6 150
59 6 150
7 6 151
15 6 151
23 6 151
31 6 151
56 6 151
57 6 151
58 6 151
59 6 151
7 6 152
15 6 152
23 6 152
31 6 152
56 6 152
57 6 152
58 6 152
59 6 152
7 6 153
15 6 153
23 6 153
31 6 153
56 6 153
57 6 153
58 6 153
59 6 153
7 6 154
15 6 154
23 6 154
31 6 154
56 6 154
57 6 154
58 6 154
59 6 154
7 6 155
15 6 155
23 6 155
31 6 155
56 6 155
57 6 155
58 6 155
59 6 155
7 6 156
15 6 156
23 6 156
31 6 156
56 6 156
57 6 156
58 6 156
59 6 156
7 6 157
15 6 157
23 6 157
31 6 157
56 6 157
57 6 157
58 6 157
59 6 157
7 6 158
15 6 158
23 6 158
31 6 158
56 6 158
57 6 158
58 6 158
59 6 158
7 6 159
15 6 159
23 6 159
31 6 159
56 6 159
57 6 159
58 6 159
59 6 159
7 6 160
15 6 160
23 6 160
31 6 160
56 6 160
57 6 160
58 6 160
59 6 160
7 6 161
15 6 161
23 6 161
31 6 161
56 6 161
57 6 161
58 6 161
59 6 161
7 6 162
15 6 162
23 6 162
31 6 162
56 6 162
57 6 162
58 6 162
59 6 162
7 6 163
15 6 163
23 6 163
31 6 163
56 6 163
57 6 163
58 6 163
59 6 163
7 6 164
15 6 164
23 6 164
31 6 164
56 6 164
57 6 164
58 6 164
59 6 164
7 6 165
15 6 165
23 6 165
31 6 165
56 6 165
57 6 165
58 6 165
59 6 165
7 6 166
15 6 166
23 6 166
31 6 166
56 6 166
57 6 166
58 6 166
59 6 166
7 6 167
15 6 167
23 6 167
31 6 167
56 6 167
57 6 167
58 6 167
59 6 167
7 6 168
15 6 168
23 6 168
31 6 168
56 6 168
57 6 168
58 6 168
59 6 168
7 6 169
15 6 169
23 6 169
31 6 169
56 6 169
57 6 169
58 6 169
59 6 169
7 6 170
15 6 170
23 6 170
31 6 170
56 6 170
57 6 170
58 6 170
59 6 170
7 6 171
15 6 171
23 6 171
31 6 171
56 6 171
57 6 171
58 6 171
59 6 171
7 6 172
15 6 172
23 6 172
31 6 172
56 6 172
57 6 172
58 6 172
59 6 172
7 6 173
15 6 173
23 6 173
31 6 173
56 6 173
57 6 173
58 6 173
59 6 173
7 6 174
15 6 174
23 6 174
31 6 174
56 6 174
57 6 174
58 6 174
59 6 174
7 6 175
15 6 175
23 6 175
31 6 175
56 6 175
57 6 175
58 6 175
59 6 175
7 6 176
15 6 176
23 6 176
31 6 176
56 6 176
57 6 176
58 6 176
59 6 176
7 6 177
15 6 177
23 6 177
31 6 177
56 6 177
57 6 177
58 6 177
59 6 177
7 6 178
15 6 178
23 6 178
31 6 178
56 6 178
57 6 178
58 6 178
59 6 178
7 6 179
15 6 179
23 6 179
31 6 179
56 6 179
57 6 179
58 6 179
59 6 179
7 6 180
15 6 180
23 6 180
31 6 180
56 6 180
57 6 180
58 6 180
59 6 180
7 6 181
15 6 181
23 6 181
31 6 181
56 6 181
57 6 181
58 6 181
59 6 181
7 6 182
15 6 182
23 6 182
31 6 182
56 6 182
57 6 182
58 6 182
59 6 182
7 6 183
15 6 183
23 6 183
31 6 183
56 6 183
57 6 183
58 6 183
59 6 183
7 6 184
15 6 184
23 6 184
31 6 184
56 6 184
57 6 184
58 6 184
59 6 184
7 6 185
15 6 185
23 6 185
31 6 185
56 6 185
57 6 185
58 6 185
59 6 185
7 6 186
15 6 186
23 6 186
31 6 186
56 6 186
57 6 186
58 6 186
59 6 186
7 6 187
15 6 187
23 6 187
31 6 187
56 6 187
57 6 187
58 6 187
59 6 187
7 6 188
15 6 188
23 6 188
31 6 188
56 6 188
57 6 188
58 6 188
59 6 188
7 6 189
15 6 189
23 6 189
31 6 189
56 6 189
57 6 189
58 6 189
59 6 189
7 6 190
15 6 190
23 6 190
31 6 190
56 6 190
57 6 190
58 6 190
59 6 190
7 6 191
15 6 191
23 6 191
31 6 191
56 6 191
57 6 191
58 6 191
59 6 191
7 6 192
15 6 192
23 6 192
31 6 192
56 6 192
57 6 192
58 6 192
59 6 192
7 8 193
15 8 193
23 8 193
31 8 193
56 8 193
57 8 193
58 8 193
59 8 193
7 8 194
15 8 194
23 8 194
31 8 194
56 8 194
57 8 194
58 8 194
59 8 194
7 8 195
15 8 195
23 8 195
31 8 195
56 8 195
57 8 195
58 8 195
59 8 195
7 8 196
15 8 196
23 8 196
31 8 196
56 8 196
57 8 196
58 8 196
59 8 196
7 8 197
15 8 197
23 8 197
31 8 197
56 8 197
57 8 197
58 8 197
59 8 197
7 8 198
15 8 198
23 8 198
31 8 198
56 8 198
57 8 198
58 8 198
59 8 198
7 8 199
15 8 199
23 8 199
31 8 199
56 8 199
57 8 199
58 8 199
59 8 199
7 8 200
15 8 200
23 8 200
31 8 200
56 8 200
57 8 200
58 8 200
59 8 200
7 8 201
15 8 201
23 8 201
31 8 201
56 8 201
57 8 201
58 8 201
59 8 201
7 8 202
15 8 202
23 8 202
31 8 202
56 8 202
57 8 202
58 8 202
59 8 202
7 8 203
15 8 203
23 8 203
31 8 203
56 8 203
57 8 203
58 8 203
59 8 203
7 8 204
15 8 204
23 8 204
31 8 204
56 8 204
57 8 204
58 8 204
59 8 204
7 8 205
15 8 205
23 8 205
31 8 205
56 8 205
57 8 205
58 8 205
59 8 205
7 8 206
15 8 206
23 8 206
31 8 206
56 8 206
57 8 206
58 8 206
59 8 206
7 8 207
15 8 207
23 8 207
31 8 207
56 8 207
57 8 207
58 8 207
59 8 207
7 8 208
15 8 208
23 8 208
31 8 208
56 8 208
57 8 208
58 8 208
59 8 208
7 8 209
15 8 209
23 8 209
31 8 209
56 8 209
57 8 209
58 8 209
59 8 209
7 8 210
15 8 210
23 8 210
31 8 210
56 8 210
57 8 210
58 8 210
59 8 210
7 8 211
15 8 211
23 8 211
31 8 211
56 8 211
57 8 211
58 8 211
59 8 211
7 8 212
15 8 212
23 8 212
31 8 212
56 8 212
57 8 212
58 8 212
59 8 212
7 8 213
15 8 213
23 8 213
31 8 213
56 8 213
57 8 213
58 8 213
59 8 213
7 8 214
15 8 214
23 8 214
31 8 214
56 8 214
57 8 214
58 8 214
59 8 214
7 8 215
15 8 215
23 8 215
31 8 215
56 8 215
57 8 215
58 8 215
59 8 215
7 8 216
15 8 216
23 8 216
31 8 216
56 8 216
57 8 216
58 8 216
59 8 216
7 8 217
15 8 217
23 8 217
31 8 217
56 8 217
57 8 217
58 8 217
59 8 217
7 8 218
15 8 218
23 8 218
31 8 218
56 8 218
57 8 218
58 8 218
59 8 218
7 8 219
15 8 219
23 8 219
31 8 219
56 8 219
57 8 219
58 8 219
59 8 219
7 8 220
15 8 220
23 8 220
31 8 220
56 8 220
57 8 220
58 8 220
59 8 220
7 8 221
15 8 221
23 8 221
31 8 221
56 8 221
57 8 221
58 8 221
59 8 221
7 8 222
15 8 222
23 8 222
31 8 222
56 8 222
57 8 222
58 8 222
59 8 222
7 8 223
15 8 223
23 8 223
31 8 223
56 8 223
57 8 223
58 8 223
59 8 223
7 8 224
15 8 224
23 8 224
31 8 224
56 8 224
57 8 224
58 8 224
59 8 224
7 8 225
15 8 225
23 8 225
31 8 225
56 8 225
57 8 225
58 8 225
59 8 225
7 8 226
15 8 226
23 8 226
31 8 226
56 8 226
57 8 226
58 8 226
59 8 226
7 8 227
15 8 227
23 8 227
31 8 227
56 8 227
57 8 227
58 8 227
59 8 227
7 8 228
15 8 228
23 8 228
31 8 228
56 8 228
57 8 228
58 8 228
59 8 228
7 8 229
15 8 229
23 8 229
31 8 229
56 8 229
57 8 229
58 8 229
59 8 229
7 8 230
15 8 230
23 8 230
31 8 230
56 8 230
57 8 230
58 8 230
59 8 230
7 8 231
15 8 231
23 8 231
31 8 231
56 8 231
57 8 231
58 8 231
59 8 231
7 8 232
15 8 232
23 8 232
31 8 232
56 8 232
57 8 232
58 8 232
59 8 232
7 8 233
15 8 233
23 8 233
31 8 233
56 8 233
57 8 233
58 8 233
59 8 233
7 8 234
15 8 234
23 8 234
31 8 234
56 8 234
57 8 234
58 8 234
59 8 234
7 8 235
15 8 235
23 8 235
31 8 235
56 8 235
57 8 235
58 8 235
59 8 235
7 8 236
15 8 236
23 8 236
31 8 236
56 8 236
57 8 236
58 8 236
59 8 236
7 8 237
15 8 237
23 8 237
31 8 237
56 8 237
57 8 237
58 8 237
59 8 237
7 8 238
15 8 238
23 8 238
31 8 238
56 8 238
57 8 238
58 8 238
59 8 238
7 8 239
15 8 239
23 8 239
31 8 239
56 8 239
57 8 239
58 8 239
59 8 239
7 8 240
15 8 240
23 8 240
31 8 240
56 8 240
57 8 240
58 8 240
59 8 240
7 16 241
15 16 241
23 16 241
31 16 241
56 16 241
57 16 241
58 16 241
59 16 241
7 16 242
15 16 242
23 16 242
31 16 242
56 16 242
57 16 242
58 16 242
59 16 242
7 16 243
15 16 243
23 16 243
31 16 243
56 16 243
57 16 243
58 16 243
59 16 243
7 16 244
15 16 244
23 16 244
31 16 244
56 16 244
57 16 244
58 16 244
59 16 244
7 16 245
15 16 245
23 16 245
31 16 245
56 16 245
57 16 245
58 16 245
59 16 245
7 16 246
15 16 246
23 16 246
31 16 246
56 16 246
57 16 246
58 16 246
59 16 246
7 16 247
15 16 247
23 16 247
31 16 247
56 16 247
57 16 247
58 16 247
59 16 247
7 16 248
15 16 248
23 16 248
31 16 248
56 16 248
57 16 248
58 16 248
59 16 248
7 16 249
15 16 249
23 16 249
31 16 249
56 16 249
57 16 249
58 16 249
59 16 249
7 16 250
15 16 250
23 16 250
31 16 250
56 16 250
57 16 250
58 16 250
59 16 250
7 16 251
15 16 251
23 16 251
31 16 251
56 16 251
57 16 251
58 16 251
59 16 251
7 16 252
15 16 252
23 16 252
31 16 252
56 16 252
57 16 252
58 16 252
59 16 252
7 16 253
15 16 253
23 16 253
31 16 253
56 16 253
57 16 253
58 16 253
59 16 253
7 16 254
15 16 254
23 16 254
31 16 254
56 16 254
57 16 254
58 16 254
59 16 254
7 16 255
15 16 255
23 16 255
31 16 255
56 16 255
57 16 255
58 16 255
59 16 255
7 16 256
15 16 256
23 16 256
31 16 256
56 16 256
57 16 256
58 16 256
59 16 256
7 16 257
15 16 257
23 16 257
31 16 257
56 16 257
57 16 257
58 16 257
59 16 257
7 16 258
15 16 258
23 16 258
31 16 258
56 16 258
57 16 258
58 16 258
59 16 258
7 16 259
15 16 259
23 16 259
31 16 259
56 16 259
57 16 259
58 16 259
59 16 259
7 16 260
15 16 260
23 16 260
31 16 260
56 16 260
57 16 260
58 16 260
59 16 260
7 16 261
15 16 261
23 16 261
31 16 261
56 16 261
57 16 261
58 16 261
59 16 261
7 16 262
15 16 262
23 16 262
31 16 262
56 16 262
57 16 262
58 16 262
59 16 262
7 16 263
15 16 263
23 16 263
31 16 263
56 16 263
57 16 263
58 16 263
59 16 263
7 16 264
15 16 264
23 16 264
31 16 264
56 16 264
57 16 264
58 16 264
59 16 264
7 16 265
15 16 265
23 16 265
31 16 265
56 16 265
57 16 265
58 16 265
59 16 265
7 16 266
15 16 266
23 16 266
31 16 266
56 16 266
57 16 266
58 16 266
59 16 266
7 16 267
15 16 267
23 16 267
31 16 267
56 16 267
57 16 267
58 16 267
59 16 267
7 16 268
15 16 268
23 16 268
31 16 268
56 16 268
57 16 268
58 16 268
59 16 268
7 16 269
15 16 269
23 16 269
31 16 269
56 16 269
57 16 269
58 16 269
59 16 269
7 16 270
15 16 270
23 16 270
31 16 270
56 16 270
57 16 270
58 16 270
59 16 270
7 16 271
15 16 271
23 16 271
31 16 271
56 16 271
57 16 271
58 16 271
59 16 271
7 16 272
15 16 272
23 16 272
31 16 272
56 16 272
57 16 272
58 16 272
59 16 272
7 16 273
15 16 273
23 16 273
31 16 273
56 16 273
57 16 273
58 16 273
59 16 273
7 16 274
15 16 274
23 16 274
31 16 274
56 16 274
57 16 274
58 16 274
59 16 274
7 16 275
15 16 275
23 16 275
31 16 275
56 16 275
57 16 275
58 16 275
59 16 275
7 16 276
15 16 276
23 16 276
31 16 276
56 16 276
57 16 276
58 16 276
59 16 276
7 16 277
15 16 277
23 16 277
31 16 277
56 16 277
57 16 277
58 16 277
59 16 277
7 16 278
15 16 278
23 16 278
31 16 278
56 16 278
57 16 278
58 16 278
59 16 278
7 16 279
15 16 279
23 16 279
31 16 279
56 16 279
57 16 279
58 16 279
59 16 279
7 16 280
15 16 280
23 16 280
31 16 280
56 16 280
57 16 280
58 16 280
59 16 280
7 16 281
15 16 281
23 16 281
31 16 281
56 16 281
57 16 281
58 16 281
59 16 281
7 16 282
15 16 282
23 16 282
31 16 282
56 16 282
57 16 282
58 16 282
59 16 282
7 16 283
15 16 283
23 16 283
31 16 283
56 16 283
57 16 283
58 16 283
59 16 283
7 16 284
15 16 284
23 16 284
31 16 284
56 16 284
57 16 284
58 16 284
59 16 284
7 16 285
15 16 285
23 16 285
31 16 285
56 16 285
57 16 285
58 16 285
59 16 285
7 16 286
15 16 286
23 16 286
31 16 286
56 16 286
57 16 286
58 16 286
59 16 286
7 16 287
15 16 287
23 16 287
31 16 287
56 16 287
57 16 287
58 16 287
59 16 287
7 16 288
15 16 288
23 16 288
31 16 288
56 16 288
57 16 288
58 16 288
59 16 288
7 24 289
15 24 289
23 24 289
31 24 289
56 24 289
57 24 289
58 24 289
59 24 289
7 24 290
15 24 290
23 24 290
31 24 290
56 24 290
57 24 290
58 24 290
59 24 290
7 24 291
15 24 291
23 24 291
31 24 291
56 24 291
57 24 291
58 24 291
59 24 291
7 24 292
15 24 292
23 24 292
31 24 292
56 24 292
57 24 292
58 24 292
59 24 292
7 24 293
15 24 293
23 24 293
31 24 293
56 24 293
57 24 293
58 24 293
59 24 293
7 24 294
15 24 294
23 24 294
31 24 294
56 24 294
57 24 294
58 24 294
59 24 294
7 24 295
15 24 295
23 24 295
31 24 295
56 24 295
57 24 295
58 24 295
59 24 295
7 24 296
15 24 296
23 24 296
31 24 296
56 24 296
57 24 296
58 24 296
59 24 296
7 24 297
15 24 297
23 24 297
31 24 297
56 24 297
57 24 297
58 24 297
59 24 297
7 24 298
15 24 298
23 24 298
31 24 298
56 24 298
57 24 298
58 24 298
59 24 298
7 24 299
15 24 299
23 24 299
31 24 299
56 24 299
57 24 299
58 24 299
59 24 299
7 24 300
15 24 300
23 24 300
31 24 300
56 24 300
57 24 300
58 24 300
59 24 300
7 24 301
15 24 301
23 24 301
31 24 301
56 24 301
57 24 301
58 24 301
59 24 301
7 24 302
15 24 302
23 24 302
31 24 302
56 24 302
57 24 302
58 24 302
59 24 302
7 24 303
15 24 303
23 24 303
31 24 303
56 24 303
57 24 303
58 24 303
59 24 303
7 24 304
15 24 304
23 24 304
31 24 304
56 24 304
57 24 304
58 24 304
59 24 304
7 24 305
15 24 305
23 24 305
31 24 305
56 24 305
57 24 305
58 24 305
59 24 305
7 24 306
15 24 306
23 24 306
31 24 306
56 24 306
57 24 306
58 24 306
59 24 306
7 24 307
15 24 307
23 24 307
31 24 307
56 24 307
57 24 307
58 24 307
59 24 307
7 24 308
15 24 308
23 24 308
31 24 308
56 24 308
57 24 308
58 24 308
59 24 308
7 24 309
15 24 309
23 24 309
31 24 309
56 24 309
57 24 309
58 24 309
59 24 309
7 24 310
15 24 310
23 24 310
31 24 310
56 24 310
57 24 310
58 24 310
59 24 310
7 24 311
15 24 311
23 24 311
31 24 311
56 24 311
57 24 311
58 24 311
59 24 311
7 24 312
15 24 312
23 24 312
31 24 312
56 24 312
57 24 312
58 24 312
59 24 312
7 24 313
15 24 313
23 24 313
31 24 313
56 24 313
57 24 313
58 24 313
59 24 313
7 24 314
15 24 314
23 24 314
31 24 314
56 24 314
57 24 314
58 24 314
59 24 314
7 24 315
15 24 315
23 24 315
31 24 315
56 24 315
57 24 315
58 24 315
59 24 315
7 24 316
15 24 316
23 24 316
31 24 316
56 24 316
57 24 316
58 24 316
59 24 316
7 24 317
15 24 317
23 24 317
31 24 317
56 24 317
57 24 317
58 24 317
59 24 317
7 24 318
15 24 318
23 24 318
31 24 318
56 24 318
57 24 318
58 24 318
59 24 318
7 24 319
15 24 319
23 24 319
31 24 319
56 24 319
57 24 319
58 24 319
59 24 319
7 24 320
15 24 320
23 24 320
31 24 320
56 24 320
57 24 320
58 24 320
59 24 320
7 24 321
15 24 321
23 24 321
31 24 321
56 24 321
57 24 321
58 24 321
59 24 321
7 24 322
15 24 322
23 24 322
31 24 322
56 24 322
57 24 322
58 24 322
59 24 322
7 24 323
15 24 323
23 24 323
31 24 323
56 24 323
57 24 323
58 24 323
59 24 323
7 24 324
15 24 324
23 24 324
31 24 324
56 24 324
57 24 324
58 24 324
59 24 324
7 24 325
15 24 325
23 24 325
31 24 325
56 24 325
57 24 325
58 24 325
59 24 325
7 24 326
15 24 326
23 24 326
31 24 326
56 24 326
57 24 326
58 24 326
59 24 326
7 24 327
15 24 327
23 24 327
31 24 327
56 24 327
57 24 327
58 24 327
59 24 327
7 24 328
15 24 328
23 24 328
31 24 328
56 24 328
57 24 328
58 24 328
59 24 328
7 24 329
15 24 329
23 24 329
31 24 329
56 24 329
57 24 329
58 24 329
59 24 329
7 24 330
15 24 330
23 24 330
31 24 330
56 24 330
57 24 330
58 24 330
59 24 330
7 24 331
15 24 331
23 24 331
31 24 331
56 24 331
57 24 331
58 24 331
59 24 331
7 24 332
15 24 332
23 24 332
31 24 332
56 24 332
57 24 332
58 24 332
59 24 332
7 24 333
15 24 333
23 24 333
31 24 333
56 24 333
57 24 333
58 24 333
59 24 333
7 24 334
15 24 334
23 24 334
31 24 334
56 24 334
57 24 334
58 24 334
59 24 334
7 24 335
15 24 335
23 24 335
31 24 335
56 24 335
57 24 335
58 24 335
59 24 335
7 24 336
15 24 336
23 24 336
31 24 336
56 24 336
57 24 336
58 24 336
59 24 336
7 32 337
15 32 337
23 32 337
31 32 337
56 32 337
57 32 337
58 32 337
59 32 337
7 32 338
15 32 338
23 32 338
31 32 338
56 32 338
57 32 338
58 32 338
59 32 338
7 32 339
15 32 339
23 32 339
31 32 339
56 32 339
57 32 339
58 32 339
59 32 339
7 32 340
15 32 340
23 32 340
31 32 340
56 32 340
57 32 340
58 32 340
59 32 340
7 32 341
15 32 341
23 32 341
31 32 341
56 32 341
57 32 341
58 32 341
59 32 341
7 32 342
15 32 342
23 32 342
31 32 342
56 32 342
57 32 342
58 32 342
59 32 342
7 32 343
15 32 343
23 32 343
31 32 343
56 32 343
57 32 343
58 32 343
59 32 343
7 32 344
15 32 344
23 32 344
31 32 344
56 32 344
57 32 344
58 32 344
59 32 344
7 32 345
15 32 345
23 32 345
31 32 345
56 32 345
57 32 345
58 32 345
59 32 345
7 32 346
15 32 346
23 32 346
31 32 346
56 32 346
57 32 346
58 32 346
59 32 346
7 32 347
15 32 347
23 32 347
31 32 347
56 32 347
57 32 347
58 32 347
59 32 347
7 32 348
15 32 348
23 32 348
31 32 348
56 32 348
57 32 348
58 32 348
59 32 348
7 32 349
15 32 349
23 32 349
31 32 349
56 32 349
57 32 349
58 32 349
59 32 349
7 32 350
15 32 350
23 32 350
31 32 350
56 32 350
57 32 350
58 32 350
59 32 350
7 32 351
15 32 351
23 32 351
31 32 351
56 32 351
57 32 351
58 32 351
59 32 351
7 32 352
15 32 352
23 32 352
31 32 352
56 32 352
57 32 352
58 32 352
59 32 352
7 32 353
15 32 353
23 32 353
31 32 353
56 32 353
57 32 353
58 32 353
59 32 353
7 32 354
15 32 354
23 32 354
31 32 354
56 32 354
57 32 354
58 32 354
59 32 354
7 32 355
15 32 355
23 32 355
31 32 355
56 32 355
57 32 355
58 32 355
59 32 355
7 32 356
15 32 356
23 32 356
31 32 356
56 32 356
57 32 356
58 32 356
59 32 356
7 32 357
15 32 357
23 32 357
31 32 357
56 32 357
57 32 357
58 32 357
59 32 357
7 32 358
15 32 358
23 32 358
31 32 358
56 32 358
57 32 358
58 32 358
59 32 358
7 32 359
15 32 359
23 32 359
31 32 359
56 32 359
57 32 359
58 32 359
59 32 359
7 32 360
15 32 360
23 32 360
31 32 360
56 32 360
57 32 360
58 32 360
59 32 360
7 32 361
15 32 361
23 32 361
31 32 361
56 32 361
57 32 361
58 32 361
59 32 361
7 32 362
15 32 362
23 32 362
31 32 362
56 32 362
57 32 362
58 32 362
59 32 362
7 32 363
15 32 363
23 32 363
31 32 363
56 32 363
57 32 363
58 32 363
59 32 363
7 32 364
15 32 364
23 32 364
31 32 364
56 32 364
57 32 364
58 32 364
59 32 364
7 32 365
15 32 365
23 32 365
31 32 365
56 32 365
57 32 365
58 32 365
59 32 365
7 32 366
15 32 366
23 32 366
31 32 366
56 32 366
57 32 366
58 32 366
59 32 366
7 32 367
15 32 367
23 32 367
31 32 367
56 32 367
57 32 367
58 32 367
59 32 367
7 32 368
15 32 368
23 32 368
31 32 368
56 32 368
57 32 368
58 32 368
59 32 368
7 32 369
15 32 369
23 32 369
31 32 369
56 32 369
57 32 369
58 32 369
59 32 369
7 32 370
15 32 370
23 32 370
31 32 370
56 32 370
57 32 370
58 32 370
59 32 370
7 32 371
15 32 371
23 32 371
31 32 371
56 32 371
57 32 371
58 32 371
59 32 371
7 32 372
15 32 372
23 32 372
31 32 372
56 32 372
57 32 372
58 32 372
59 32 372
7 32 373
15 32 373
23 32 373
31 32 373
56 32 373
57 32 373
58 32 373
59 32 373
7 32 374
15 32 374
23 32 374
31 32 374
56 32 374
57 32 374
58 32 374
59 32 374
7 32 375
15 32 375
23 32 375
31 32 375
56 32 375
57 32 375
58 32 375
59 32 375
7 32 376
15 32 376
23 32 376
31 32 376
56 32 376
57 32 376
58 32 376
59 32 376
7 32 377
15 32 377
23 32 377
31 32 377
56 32 377
57 32 377
58 32 377
59 32 377
7 32 378
15 32 378
23 32 378
31 32 378
56 32 378
57 32 378
58 32 378
59 32 378
7 32 379
15 32 379
23 32 379
31 32 379
56 32 379
57 32 379
58 32 379
59 32 379
7 32 380
15 32 380
23 32 380
31 32 380
56 32 380
57 32 380
58 32 380
59 32 380
7 32 381
15 32 381
23 32 381
31 32 381
56 32 381
57 32 381
58 32 381
59 32 381
7 32 382
15 32 382
23 32 382
31 32 382
56 32 382
57 32 382
58 32 382
59 32 382
7 32 383
15 32 383
23 32 383
31 32 383
56 32 383
57 32 383
58 32 383
59 32 383
7 32 384
15 32 384
23 32 384
31 32 384
56 32 384
57 32 384
58 32 384
59 32 384
