26 2 1
27 2 1
28 2 1
29 2 1
30 2 1
33 2 1
34 2 1
35 2 1
36 2 1
37 2 1
38 2 1
41 2 1
42 2 1
43 2 1
44 2 1
45 2 1
23 2 1
31 2 1
39 2 1
47 2 1
58 2 1
59 2 1
60 2 1
61 2 1
26 3 2
27 3 2
28 3 2
29 3 2
30 3 2
33 3 2
34 3 2
35 3 2
36 3 2
37 3 2
38 3 2
41 3 2
42 3 2
43 3 2
44 3 2
45 3 2
23 2 2
31 2 2
39 2 2
47 2 2
58 2 2
59 2 2
60 2 2
61 2 2
26 4 3
27 4 3
28 4 3
29 4 3
30 4 3
33 4 3
34 4 3
35 4 3
36 4 3
37 4 3
38 4 3
41 4 3
42 4 3
43 4 3
44 4 3
45 4 3
23 2 3
31 2 3
39 2 3
47 2 3
58 2 3
59 2 3
60 2 3
61 2 3
26 5 4
27 5 4
28 5 4
29 5 4
30 5 4
33 5 4
34 5 4
35 5 4
36 5 4
37 5 4
38 5 4
41 5 4
42 5 4
43 5 4
44 5 4
45 5 4
23 2 4
31 2 4
39 2 4
47 2 4
58 2 4
59 2 4
60 2 4
61 2 4
26 16 5
27 16 5
28 16 5
29 16 5
30 16 5
33 16 5
34 16 5
35 16 5
36 16 5
37 16 5
38 16 5
41 16 5
42 16 5
43 16 5
44 16 5
45 16 5
23 2 5
31 2 5
39 2 5
47 2 5
58 2 5
59 2 5
60 2 5
61 2 5
26 24 6
27 24 6
28 24 6
29 24 6
30 24 6
33 24 6
34 24 6
35 24 6
36 24 6
37 24 6
38 24 6
41 24 6
42 24 6
43 24 6
44 24 6
45 24 6
23 2 6
31 2 6
39 2 6
47 2 6
58 2 6
59 2 6
60 2 6
61 2 6
26 32 7
27 32 7
28 32 7
29 32 7
30 32 7
33 32 7
34 32 7
35 32 7
36 32 7
37 32 7
38 32 7
41 32 7
42 32 7
43 32 7
44 32 7
45 32 7
23 2 7
31 2 7
39 2 7
47 2 7
58 2 7
59 2 7
60 2 7
61 2 7
26 40 8
27 40 8
28 40 8
29 40 8
30 40 8
33 40 8
34 40 8
35 40 8
36 40 8
37 40 8
38 40 8
41 40 8
42 40 8
43 40 8
44 40 8
45 40 8
23 2 8
31 2 8
39 2 8
47 2 8
58 2 8
59 2 8
60 2 8
61 2 8
26 23 9
27 23 9
28 23 9
29 23 9
30 23 9
33 23 9
34 23 9
35 23 9
36 23 9
37 23 9
38 23 9
41 23 9
42 23 9
43 23 9
44 23 9
45 23 9
23 2 9
31 2 9
39 2 9
47 2 9
58 2 9
59 2 9
60 2 9
61 2 9
26 23 10
27 23 10
28 23 10
29 23 10
30 23 10
33 23 10
34 23 10
35 23 10
36 23 10
37 23 10
38 23 10
41 23 10
42 23 10
43 23 10
44 23 10
45 23 10
23 2 10
31 2 10
39 2 10
47 2 10
58 2 10
59 2 10
60 2 10
61 2 10
26 23 11
27 23 11
28 23 11
29 23 11
30 23 11
33 23 11
34 23 11
35 23 11
36 23 11
37 23 11
38 23 11
41 23 11
42 23 11
43 23 11
44 23 11
45 23 11
23 2 11
31 2 11
39 2 11
47 2 11
58 2 11
59 2 11
60 2 11
61 2 11
26 31 12
27 31 12
28 31 12
29 31 12
30 31 12
33 31 12
34 31 12
35 31 12
36 31 12
37 31 12
38 31 12
41 31 12
42 31 12
43 31 12
44 31 12
45 31 12
23 2 12
31 2 12
39 2 12
47 2 12
58 2 12
59 2 12
60 2 12
61 2 12
26 31 13
27 31 13
28 31 13
29 31 13
30 31 13
33 31 13
34 31 13
35 31 13
36 31 13
37 31 13
38 31 13
41 31 13
42 31 13
43 31 13
44 31 13
45 31 13
23 2 13
31 2 13
39 2 13
47 2 13
58 2 13
59 2 13
60 2 13
61 2 13
26 31 14
27 31 14
28 31 14
29 31 14
30 31 14
33 31 14
34 31 14
35 31 14
36 31 14
37 31 14
38 31 14
41 31 14
42 31 14
43 31 14
44 31 14
45 31 14
23 2 14
31 2 14
39 2 14
47 2 14
58 2 14
59 2 14
60 2 14
61 2 14
26 39 15
27 39 15
28 39 15
29 39 15
30 39 15
33 39 15
34 39 15
35 39 15
36 39 15
37 39 15
38 39 15
41 39 15
42 39 15
43 39 15
44 39 15
45 39 15
23 2 15
31 2 15
39 2 15
47 2 15
58 2 15
59 2 15
60 2 15
61 2 15
26 39 16
27 39 16
28 39 16
29 39 16
30 39 16
33 39 16
34 39 16
35 39 16
36 39 16
37 39 16
38 39 16
41 39 16
42 39 16
43 39 16
44 39 16
45 39 16
23 2 16
31 2 16
39 2 16
47 2 16
58 2 16
59 2 16
60 2 16
61 2 16
26 39 17
27 39 17
28 39 17
29 39 17
30 39 17
33 39 17
34 39 17
35 39 17
36 39 17
37 39 17
38 39 17
41 39 17
42 39 17
43 39 17
44 39 17
45 39 17
23 2 17
31 2 17
39 2 17
47 2 17
58 2 17
59 2 17
60 2 17
61 2 17
26 47 18
27 47 18
28 47 18
29 47 18
30 47 18
33 47 18
34 47 18
35 47 18
36 47 18
37 47 18
38 47 18
41 47 18
42 47 18
43 47 18
44 47 18
45 47 18
23 2 18
31 2 18
39 2 18
47 2 18
58 2 18
59 2 18
60 2 18
61 2 18
26 47 19
27 47 19
28 47 19
29 47 19
30 47 19
33 47 19
34 47 19
35 47 19
36 47 19
37 47 19
38 47 19
41 47 19
42 47 19
43 47 19
44 47 19
45 47 19
23 2 19
31 2 19
39 2 19
47 2 19
58 2 19
59 2 19
60 2 19
61 2 19
26 47 20
27 47 20
28 47 20
29 47 20
30 47 20
33 47 20
34 47 20
35 47 20
36 47 20
37 47 20
38 47 20
41 47 20
42 47 20
43 47 20
44 47 20
45 47 20
23 2 20
31 2 20
39 2 20
47 2 20
58 2 20
59 2 20
60 2 20
61 2 20
26 58 21
27 58 21
28 58 21
29 58 21
30 58 21
33 58 21
34 58 21
35 58 21
36 58 21
37 58 21
38 58 21
41 58 21
42 58 21
43 58 21
44 58 21
45 58 21
23 2 21
31 2 21
39 2 21
47 2 21
58 2 21
59 2 21
60 2 21
61 2 21
26 58 22
27 58 22
28 58 22
29 58 22
30 58 22
33 58 22
34 58 22
35 58 22
36 58 22
37 58 22
38 58 22
41 58 22
42 58 22
43 58 22
44 58 22
45 58 22
23 2 22
31 2 22
39 2 22
47 2 22
58 2 22
59 2 22
60 2 22
61 2 22
26 58 23
27 58 23
28 58 23
29 58 23
30 58 23
33 58 23
34 58 23
35 58 23
36 58 23
37 58 23
38 58 23
41 58 23
42 58 23
43 58 23
44 58 23
45 58 23
23 2 23
31 2 23
39 2 23
47 2 23
58 2 23
59 2 23
60 2 23
61 2 23
26 59 24
27 59 24
28 59 24
29 59 24
30 59 24
33 59 24
34 59 24
35 59 24
36 59 24
37 59 24
38 59 24
41 59 24
42 59 24
43 59 24
44 59 24
45 59 24
23 2 24
31 2 24
39 2 24
47 2 24
58 2 24
59 2 24
60 2 24
61 2 24
26 59 25
27 59 25
28 59 25
29 59 25
30 59 25
33 59 25
34 59 25
35 59 25
36 59 25
37 59 25
38 59 25
41 59 25
42 59 25
43 59 25
44 59 25
45 59 25
23 2 25
31 2 25
39 2 25
47 2 25
58 2 25
59 2 25
60 2 25
61 2 25
26 59 26
27 59 26
28 59 26
29 59 26
30 59 26
33 59 26
34 59 26
35 59 26
36 59 26
37 59 26
38 59 26
41 59 26
42 59 26
43 59 26
44 59 26
45 59 26
23 2 26
31 2 26
39 2 26
47 2 26
58 2 26
59 2 26
60 2 26
61 2 26
26 60 27
27 60 27
28 60 27
29 60 27
30 60 27
33 60 27
34 60 27
35 60 27
36 60 27
37 60 27
38 60 27
41 60 27
42 60 27
43 60 27
44 60 27
45 60 27
23 2 27
31 2 27
39 2 27
47 2 27
58 2 27
59 2 27
60 2 27
61 2 27
26 60 28
27 60 28
28 60 28
29 60 28
30 60 28
33 60 28
34 60 28
35 60 28
36 60 28
37 60 28
38 60 28
41 60 28
42 60 28
43 60 28
44 60 28
45 60 28
23 2 28
31 2 28
39 2 28
47 2 28
58 2 28
59 2 28
60 2 28
61 2 28
26 60 29
27 60 29
28 60 29
29 60 29
30 60 29
33 60 29
34 60 29
35 60 29
36 60 29
37 60 29
38 60 29
41 60 29
42 60 29
43 60 29
44 60 29
45 60 29
23 2 29
31 2 29
39 2 29
47 2 29
58 2 29
59 2 29
60 2 29
61 2 29
26 61 30
27 61 30
28 61 30
29 61 30
30 61 30
33 61 30
34 61 30
35 61 30
36 61 30
37 61 30
38 61 30
41 61 30
42 61 30
43 61 30
44 61 30
45 61 30
23 2 30
31 2 30
39 2 30
47 2 30
58 2 30
59 2 30
60 2 30
61 2 30
26 61 31
27 61 31
28 61 31
29 61 31
30 61 31
33 61 31
34 61 31
35 61 31
36 61 31
37 61 31
38 61 31
41 61 31
42 61 31
43 61 31
44 61 31
45 61 31
23 2 31
31 2 31
39 2 31
47 2 31
58 2 31
59 2 31
60 2 31
61 2 31
26 61 32
27 61 32
28 61 32
29 61 32
30 61 32
33 61 32
34 61 32
35 61 32
36 61 32
37 61 32
38 61 32
41 61 32
42 61 32
43 61 32
44 61 32
45 61 32
23 2 32
31 2 32
39 2 32
47 2 32
58 2 32
59 2 32
60 2 32
61 2 32
23 2 33
31 2 33
39 2 33
47 2 33
58 2 33
59 2 33
60 2 33
61 2 33
23 2 34
31 2 34
39 2 34
47 2 34
58 2 34
59 2 34
60 2 34
61 2 34
23 2 35
31 2 35
39 2 35
47 2 35
58 2 35
59 2 35
60 2 35
61 2 35
23 2 36
31 2 36
39 2 36
47 2 36
58 2 36
59 2 36
60 2 36
61 2 36
23 2 37
31 2 37
39 2 37
47 2 37
58 2 37
59 2 37
60 2 37
61 2 37
23 2 38
31 2 38
39 2 38
47 2 38
58 2 38
59 2 38
60 2 38
61 2 38
23 2 39
31 2 39
39 2 39
47 2 39
58 2 39
59 2 39
60 2 39
61 2 39
23 2 40
31 2 40
39 2 40
47 2 40
58 2 40
59 2 40
60 2 40
61 2 40
23 2 41
31 2 41
39 2 41
47 2 41
58 2 41
59 2 41
60 2 41
61 2 41
23 2 42
31 2 42
39 2 42
47 2 42
58 2 42
59 2 42
60 2 42
61 2 42
23 2 43
31 2 43
39 2 43
47 2 43
58 2 43
59 2 43
60 2 43
61 2 43
23 2 44
31 2 44
39 2 44
47 2 44
58 2 44
59 2 44
60 2 44
61 2 44
23 2 45
31 2 45
39 2 45
47 2 45
58 2 45
59 2 45
60 2 45
61 2 45
23 2 46
31 2 46
39 2 46
47 2 46
58 2 46
59 2 46
60 2 46
61 2 46
23 2 47
31 2 47
39 2 47
47 2 47
58 2 47
59 2 47
60 2 47
61 2 47
23 2 48
31 2 48
39 2 48
47 2 48
58 2 48
59 2 48
60 2 48
61 2 48
23 3 49
31 3 49
39 3 49
47 3 49
58 3 49
59 3 49
60 3 49
61 3 49
23 3 50
31 3 50
39 3 50
47 3 50
58 3 50
59 3 50
60 3 50
61 3 50
23 3 51
31 3 51
39 3 51
47 3 51
58 3 51
59 3 51
60 3 51
61 3 51
23 3 52
31 3 52
39 3 52
47 3 52
58 3 52
59 3 52
60 3 52
61 3 52
23 3 53
31 3 53
39 3 53
47 3 53
58 3 53
59 3 53
60 3 53
61 3 53
23 3 54
31 3 54
39 3 54
47 3 54
58 3 54
59 3 54
60 3 54
61 3 54
23 3 55
31 3 55
39 3 55
47 3 55
58 3 55
59 3 55
60 3 55
61 3 55
23 3 56
31 3 56
39 3 56
47 3 56
58 3 56
59 3 56
60 3 56
61 3 56
23 3 57
31 3 57
39 3 57
47 3 57
58 3 57
59 3 57
60 3 57
61 3 57
23 3 58
31 3 58
39 3 58
47 3 58
58 3 58
59 3 58
60 3 58
61 3 58
23 3 59
31 3 59
39 3 59
47 3 59
58 3 59
59 3 59
60 3 59
61 3 59
23 3 60
31 3 60
39 3 60
47 3 60
58 3 60
59 3 60
60 3 60
61 3 60
23 3 61
31 3 61
39 3 61
47 3 61
58 3 61
59 3 61
60 3 61
61 3 61
23 3 62
31 3 62
39 3 62
47 3 62
58 3 62
59 3 62
60 3 62
61 3 62
23 3 63
31 3 63
39 3 63
47 3 63
58 3 63
59 3 63
60 3 63
61 3 63
23 3 64
31 3 64
39 3 64
47 3 64
58 3 64
59 3 64
60 3 64
61 3 64
23 3 65
31 3 65
39 3 65
47 3 65
58 3 65
59 3 65
60 3 65
61 3 65
23 3 66
31 3 66
39 3 66
47 3 66
58 3 66
59 3 66
60 3 66
61 3 66
23 3 67
31 3 67
39 3 67
47 3 67
58 3 67
59 3 67
60 3 67
61 3 67
23 3 68
31 3 68
39 3 68
47 3 68
58 3 68
59 3 68
60 3 68
61 3 68
23 3 69
31 3 69
39 3 69
47 3 69
58 3 69
59 3 69
60 3 69
61 3 69
23 3 70
31 3 70
39 3 70
47 3 70
58 3 70
59 3 70
60 3 70
61 3 70
23 3 71
31 3 71
39 3 71
47 3 71
58 3 71
59 3 71
60 3 71
61 3 71
23 3 72
31 3 72
39 3 72
47 3 72
58 3 72
59 3 72
60 3 72
61 3 72
23 3 73
31 3 73
39 3 73
47 3 73
58 3 73
59 3 73
60 3 73
61 3 73
23 3 74
31 3 74
39 3 74
47 3 74
58 3 74
59 3 74
60 3 74
61 3 74
23 3 75
31 3 75
39 3 75
47 3 75
58 3 75
59 3 75
60 3 75
61 3 75
23 3 76
31 3 76
39 3 76
47 3 76
58 3 76
59 3 76
60 3 76
61 3 76
23 3 77
31 3 77
39 3 77
47 3 77
58 3 77
59 3 77
60 3 77
61 3 77
23 3 78
31 3 78
39 3 78
47 3 78
58 3 78
59 3 78
60 3 78
61 3 78
23 3 79
31 3 79
39 3 79
47 3 79
58 3 79
59 3 79
60 3 79
61 3 79
23 3 80
31 3 80
39 3 80
47 3 80
58 3 80
59 3 80
60 3 80
61 3 80
23 3 81
31 3 81
39 3 81
47 3 81
58 3 81
59 3 81
60 3 81
61 3 81
23 3 82
31 3 82
39 3 82
47 3 82
58 3 82
59 3 82
60 3 82
61 3 82
23 3 83
31 3 83
39 3 83
47 3 83
58 3 83
59 3 83
60 3 83
61 3 83
23 3 84
31 3 84
39 3 84
47 3 84
58 3 84
59 3 84
60 3 84
61 3 84
23 3 85
31 3 85
39 3 85
47 3 85
58 3 85
59 3 85
60 3 85
61 3 85
23 3 86
31 3 86
39 3 86
47 3 86
58 3 86
59 3 86
60 3 86
61 3 86
23 3 87
31 3 87
39 3 87
47 3 87
58 3 87
59 3 87
60 3 87
61 3 87
23 3 88
31 3 88
39 3 88
47 3 88
58 3 88
59 3 88
60 3 88
61 3 88
23 3 89
31 3 89
39 3 89
47 3 89
58 3 89
59 3 89
60 3 89
61 3 89
23 3 90
31 3 90
39 3 90
47 3 90
58 3 90
59 3 90
60 3 90
61 3 90
23 3 91
31 3 91
39 3 91
47 3 91
58 3 91
59 3 91
60 3 91
61 3 91
23 3 92
31 3 92
39 3 92
47 3 92
58 3 92
59 3 92
60 3 92
61 3 92
23 3 93
31 3 93
39 3 93
47 3 93
58 3 93
59 3 93
60 3 93
61 3 93
23 3 94
31 3 94
39 3 94
47 3 94
58 3 94
59 3 94
60 3 94
61 3 94
23 3 95
31 3 95
39 3 95
47 3 95
58 3 95
59 3 95
60 3 95
61 3 95
23 3 96
31 3 96
39 3 96
47 3 96
58 3 96
59 3 96
60 3 96
61 3 96
23 4 97
31 4 97
39 4 97
47 4 97
58 4 97
59 4 97
60 4 97
61 4 97
23 4 98
31 4 98
39 4 98
47 4 98
58 4 98
59 4 98
60 4 98
61 4 98
23 4 99
31 4 99
39 4 99
47 4 99
58 4 99
59 4 99
60 4 99
61 4 99
23 4 100
31 4 100
39 4 100
47 4 100
58 4 100
59 4 100
60 4 100
61 4 100
23 4 101
31 4 101
39 4 101
47 4 101
58 4 101
59 4 101
60 4 101
61 4 101
23 4 102
31 4 102
39 4 102
47 4 102
58 4 102
59 4 102
60 4 102
61 4 102
23 4 103
31 4 103
39 4 103
47 4 103
58 4 103
59 4 103
60 4 103
61 4 103
23 4 104
31 4 104
39 4 104
47 4 104
58 4 104
59 4 104
60 4 104
61 4 104
23 4 105
31 4 105
39 4 105
47 4 105
58 4 105
59 4 105
60 4 105
61 4 105
23 4 106
31 4 106
39 4 106
47 4 106
58 4 106
59 4 106
60 4 106
61 4 106
23 4 107
31 4 107
39 4 107
47 4 107
58 4 107
59 4 107
60 4 107
61 4 107
23 4 108
31 4 108
39 4 108
47 4 108
58 4 108
59 4 108
60 4 108
61 4 108
23 4 109
31 4 109
39 4 109
47 4 109
58 4 109
59 4 109
60 4 109
61 4 109
23 4 110
31 4 110
39 4 110
47 4 110
58 4 110
59 4 110
60 4 110
61 4 110
23 4 111
31 4 111
39 4 111
47 4 111
58 4 111
59 4 111
60 4 111
61 4 111
23 4 112
31 4 112
39 4 112
47 4 112
58 4 112
59 4 112
60 4 112
61 4 112
23 4 113
31 4 113
39 4 113
47 4 113
58 4 113
59 4 113
60 4 113
61 4 113
23 4 114
31 4 114
39 4 114
47 4 114
58 4 114
59 4 114
60 4 114
61 4 114
23 4 115
31 4 115
39 4 115
47 4 115
58 4 115
59 4 115
60 4 115
61 4 115
23 4 116
31 4 116
39 4 116
47 4 116
58 4 116
59 4 116
60 4 116
61 4 116
23 4 117
31 4 117
39 4 117
47 4 117
58 4 117
59 4 117
60 4 117
61 4 117
23 4 118
31 4 118
39 4 118
47 4 118
58 4 118
59 4 118
60 4 118
61 4 118
23 4 119
31 4 119
39 4 119
47 4 119
58 4 119
59 4 119
60 4 119
61 4 119
23 4 120
31 4 120
39 4 120
47 4 120
58 4 120
59 4 120
60 4 120
61 4 120
23 4 121
31 4 121
39 4 121
47 4 121
58 4 121
59 4 121
60 4 121
61 4 121
23 4 122
31 4 122
39 4 122
47 4 122
58 4 122
59 4 122
60 4 122
61 4 122
23 4 123
31 4 123
39 4 123
47 4 123
58 4 123
59 4 123
60 4 123
61 4 123
23 4 124
31 4 124
39 4 124
47 4 124
58 4 124
59 4 124
60 4 124
61 4 124
23 4 125
31 4 125
39 4 125
47 4 125
58 4 125
59 4 125
60 4 125
61 4 125
23 4 126
31 4 126
39 4 126
47 4 126
58 4 126
59 4 126
60 4 126
61 4 126
23 4 127
31 4 127
39 4 127
47 4 127
58 4 127
59 4 127
60 4 127
61 4 127
23 4 128
31 4 128
39 4 128
47 4 128
58 4 128
59 4 128
60 4 128
61 4 128
23 4 129
31 4 129
39 4 129
47 4 129
58 4 129
59 4 129
60 4 129
61 4 129
23 4 130
31 4 130
39 4 130
47 4 130
58 4 130
59 4 130
60 4 130
61 4 130
23 4 131
31 4 131
39 4 131
47 4 131
58 4 131
59 4 131
60 4 131
61 4 131
23 4 132
31 4 132
39 4 132
47 4 132
58 4 132
59 4 132
60 4 132
61 4 132
23 4 133
31 4 133
39 4 133
47 4 133
58 4 133
59 4 133
60 4 133
61 4 133
23 4 134
31 4 134
39 4 134
47 4 134
58 4 134
59 4 134
60 4 134
61 4 134
23 4 135
31 4 135
39 4 135
47 4 135
58 4 135
59 4 135
60 4 135
61 4 135
23 4 136
31 4 136
39 4 136
47 4 136
58 4 136
59 4 136
60 4 136
61 4 136
23 4 137
31 4 137
39 4 137
47 4 137
58 4 137
59 4 137
60 4 137
61 4 137
23 4 138
31 4 138
39 4 138
47 4 138
58 4 138
59 4 138
60 4 138
61 4 138
23 4 139
31 4 139
39 4 139
47 4 139
58 4 139
59 4 139
60 4 139
61 4 139
23 4 140
31 4 140
39 4 140
47 4 140
58 4 140
59 4 140
60 4 140
61 4 140
23 4 141
31 4 141
39 4 141
47 4 141
58 4 141
59 4 141
60 4 141
61 4 141
23 4 142
31 4 142
39 4 142
47 4 142
58 4 142
59 4 142
60 4 142
61 4 142
23 4 143
31 4 143
39 4 143
47 4 143
58 4 143
59 4 143
60 4 143
61 4 143
23 4 144
31 4 144
39 4 144
47 4 144
58 4 144
59 4 144
60 4 144
61 4 144
23 5 145
31 5 145
39 5 145
47 5 145
58 5 145
59 5 145
60 5 145
61 5 145
23 5 146
31 5 146
39 5 146
47 5 146
58 5 146
59 5 146
60 5 146
61 5 146
23 5 147
31 5 147
39 5 147
47 5 147
58 5 147
59 5 147
60 5 147
61 5 147
23 5 148
31 5 148
39 5 148
47 5 148
58 5 148
59 5 148
60 5 148
61 5 148
23 5 149
31 5 149
39 5 149
47 5 149
58 5 149
59 5 149
60 5 149
61 5 149
23 5 150
31 5 150
39 5 150
47 5 150
58 5 150
59 5 150
60 5 150
61 5 150
23 5 151
31 5 151
39 5 151
47 5 151
58 5 151
59 5 151
60 5 151
61 5 151
23 5 152
31 5 152
39 5 152
47 5 152
58 5 152
59 5 152
60 5 152
61 5 152
23 5 153
31 5 153
39 5 153
47 5 153
58 5 153
59 5 153
60 5 153
61 5 153
23 5 154
31 5 154
39 5 154
47 5 154
58 5 154
59 5 154
60 5 154
61 5 154
23 5 155
31 5 155
39 5 155
47 5 155
58 5 155
59 5 155
60 5 155
61 5 155
23 5 156
31 5 156
39 5 156
47 5 156
58 5 156
59 5 156
60 5 156
61 5 156
23 5 157
31 5 157
39 5 157
47 5 157
58 5 157
59 5 157
60 5 157
61 5 157
23 5 158
31 5 158
39 5 158
47 5 158
58 5 158
59 5 158
60 5 158
61 5 158
23 5 159
31 5 159
39 5 159
47 5 159
58 5 159
59 5 159
60 5 159
61 5 159
23 5 160
31 5 160
39 5 160
47 5 160
58 5 160
59 5 160
60 5 160
61 5 160
23 5 161
31 5 161
39 5 161
47 5 161
58 5 161
59 5 161
60 5 161
61 5 161
23 5 162
31 5 162
39 5 162
47 5 162
58 5 162
59 5 162
60 5 162
61 5 162
23 5 163
31 5 163
39 5 163
47 5 163
58 5 163
59 5 163
60 5 163
61 5 163
23 5 164
31 5 164
39 5 164
47 5 164
58 5 164
59 5 164
60 5 164
61 5 164
23 5 165
31 5 165
39 5 165
47 5 165
58 5 165
59 5 165
60 5 165
61 5 165
23 5 166
31 5 166
39 5 166
47 5 166
58 5 166
59 5 166
60 5 166
61 5 166
23 5 167
31 5 167
39 5 167
47 5 167
58 5 167
59 5 167
60 5 167
61 5 167
23 5 168
31 5 168
39 5 168
47 5 168
58 5 168
59 5 168
60 5 168
61 5 168
23 5 169
31 5 169
39 5 169
47 5 169
58 5 169
59 5 169
60 5 169
61 5 169
23 5 170
31 5 170
39 5 170
47 5 170
58 5 170
59 5 170
60 5 170
61 5 170
23 5 171
31 5 171
39 5 171
47 5 171
58 5 171
59 5 171
60 5 171
61 5 171
23 5 172
31 5 172
39 5 172
47 5 172
58 5 172
59 5 172
60 5 172
61 5 172
23 5 173
31 5 173
39 5 173
47 5 173
58 5 173
59 5 173
60 5 173
61 5 173
23 5 174
31 5 174
39 5 174
47 5 174
58 5 174
59 5 174
60 5 174
61 5 174
23 5 175
31 5 175
39 5 175
47 5 175
58 5 175
59 5 175
60 5 175
61 5 175
23 5 176
31 5 176
39 5 176
47 5 176
58 5 176
59 5 176
60 5 176
61 5 176
23 5 177
31 5 177
39 5 177
47 5 177
58 5 177
59 5 177
60 5 177
61 5 177
23 5 178
31 5 178
39 5 178
47 5 178
58 5 178
59 5 178
60 5 178
61 5 178
23 5 179
31 5 179
39 5 179
47 5 179
58 5 179
59 5 179
60 5 179
61 5 179
23 5 180
31 5 180
39 5 180
47 5 180
58 5 180
59 5 180
60 5 180
61 5 180
23 5 181
31 5 181
39 5 181
47 5 181
58 5 181
59 5 181
60 5 181
61 5 181
23 5 182
31 5 182
39 5 182
47 5 182
58 5 182
59 5 182
60 5 182
61 5 182
23 5 183
31 5 183
39 5 183
47 5 183
58 5 183
59 5 183
60 5 183
61 5 183
23 5 184
31 5 184
39 5 184
47 5 184
58 5 184
59 5 184
60 5 184
61 5 184
23 5 185
31 5 185
39 5 185
47 5 185
58 5 185
59 5 185
60 5 185
61 5 185
23 5 186
31 5 186
39 5 186
47 5 186
58 5 186
59 5 186
60 5 186
61 5 186
23 5 187
31 5 187
39 5 187
47 5 187
58 5 187
59 5 187
60 5 187
61 5 187
23 5 188
31 5 188
39 5 188
47 5 188
58 5 188
59 5 188
60 5 188
61 5 188
23 5 189
31 5 189
39 5 189
47 5 189
58 5 189
59 5 189
60 5 189
61 5 189
23 5 190
31 5 190
39 5 190
47 5 190
58 5 190
59 5 190
60 5 190
61 5 190
23 5 191
31 5 191
39 5 191
47 5 191
58 5 191
59 5 191
60 5 191
61 5 191
23 5 192
31 5 192
39 5 192
47 5 192
58 5 192
59 5 192
60 5 192
61 5 192
23 16 193
31 16 193
39 16 193
47 16 193
58 16 193
59 16 193
60 16 193
61 16 193
23 16 194
31 16 194
39 16 194
47 16 194
58 16 194
59 16 194
60 16 194
61 16 194
23 16 195
31 16 195
39 16 195
47 16 195
58 16 195
59 16 195
60 16 195
61 16 195
23 16 196
31 16 196
39 16 196
47 16 196
58 16 196
59 16 196
60 16 196
61 16 196
23 16 197
31 16 197
39 16 197
47 16 197
58 16 197
59 16 197
60 16 197
61 16 197
23 16 198
31 16 198
39 16 198
47 16 198
58 16 198
59 16 198
60 16 198
61 16 198
23 16 199
31 16 199
39 16 199
47 16 199
58 16 199
59 16 199
60 16 199
61 16 199
23 16 200
31 16 200
39 16 200
47 16 200
58 16 200
59 16 200
60 16 200
61 16 200
23 16 201
31 16 201
39 16 201
47 16 201
58 16 201
59 16 201
60 16 201
61 16 201
23 16 202
31 16 202
39 16 202
47 16 202
58 16 202
59 16 202
60 16 202
61 16 202
23 16 203
31 16 203
39 16 203
47 16 203
58 16 203
59 16 203
60 16 203
61 16 203
23 16 204
31 16 204
39 16 204
47 16 204
58 16 204
59 16 204
60 16 204
61 16 204
23 16 205
31 16 205
39 16 205
47 16 205
58 16 205
59 16 205
60 16 205
61 16 205
23 16 206
31 16 206
39 16 206
47 16 206
58 16 206
59 16 206
60 16 206
61 16 206
23 16 207
31 16 207
39 16 207
47 16 207
58 16 207
59 16 207
60 16 207
61 16 207
23 16 208
31 16 208
39 16 208
47 16 208
58 16 208
59 16 208
60 16 208
61 16 208
23 16 209
31 16 209
39 16 209
47 16 209
58 16 209
59 16 209
60 16 209
61 16 209
23 16 210
31 16 210
39 16 210
47 16 210
58 16 210
59 16 210
60 16 210
61 16 210
23 16 211
31 16 211
39 16 211
47 16 211
58 16 211
59 16 211
60 16 211
61 16 211
23 16 212
31 16 212
39 16 212
47 16 212
58 16 212
59 16 212
60 16 212
61 16 212
23 16 213
31 16 213
39 16 213
47 16 213
58 16 213
59 16 213
60 16 213
61 16 213
23 16 214
31 16 214
39 16 214
47 16 214
58 16 214
59 16 214
60 16 214
61 16 214
23 16 215
31 16 215
39 16 215
47 16 215
58 16 215
59 16 215
60 16 215
61 16 215
23 16 216
31 16 216
39 16 216
47 16 216
58 16 216
59 16 216
60 16 216
61 16 216
23 16 217
31 16 217
39 16 217
47 16 217
58 16 217
59 16 217
60 16 217
61 16 217
23 16 218
31 16 218
39 16 218
47 16 218
58 16 218
59 16 218
60 16 218
61 16 218
23 16 219
31 16 219
39 16 219
47 16 219
58 16 219
59 16 219
60 16 219
61 16 219
23 16 220
31 16 220
39 16 220
47 16 220
58 16 220
59 16 220
60 16 220
61 16 220
23 16 221
31 16 221
39 16 221
47 16 221
58 16 221
59 16 221
60 16 221
61 16 221
23 16 222
31 16 222
39 16 222
47 16 222
58 16 222
59 16 222
60 16 222
61 16 222
23 16 223
31 16 223
39 16 223
47 16 223
58 16 223
59 16 223
60 16 223
61 16 223
23 16 224
31 16 224
39 16 224
47 16 224
58 16 224
59 16 224
60 16 224
61 16 224
23 16 225
31 16 225
39 16 225
47 16 225
58 16 225
59 16 225
60 16 225
61 16 225
23 16 226
31 16 226
39 16 226
47 16 226
58 16 226
59 16 226
60 16 226
61 16 226
23 16 227
31 16 227
39 16 227
47 16 227
58 16 227
59 16 227
60 16 227
61 16 227
23 16 228
31 16 228
39 16 228
47 16 228
58 16 228
59 16 228
60 16 228
61 16 228
23 16 229
31 16 229
39 16 229
47 16 229
58 16 229
59 16 229
60 16 229
61 16 229
23 16 230
31 16 230
39 16 230
47 16 230
58 16 230
59 16 230
60 16 230
61 16 230
23 16 231
31 16 231
39 16 231
47 16 231
58 16 231
59 16 231
60 16 231
61 16 231
23 16 232
31 16 232
39 16 232
47 16 232
58 16 232
59 16 232
60 16 232
61 16 232
23 16 233
31 16 233
39 16 233
47 16 233
58 16 233
59 16 233
60 16 233
61 16 233
23 16 234
31 16 234
39 16 234
47 16 234
58 16 234
59 16 234
60 16 234
61 16 234
23 16 235
31 16 235
39 16 235
47 16 235
58 16 235
59 16 235
60 16 235
61 16 235
23 16 236
31 16 236
39 16 236
47 16 236
58 16 236
59 16 236
60 16 236
61 16 236
23 16 237
31 16 237
39 16 237
47 16 237
58 16 237
59 16 237
60 16 237
61 16 237
23 16 238
31 16 238
39 16 238
47 16 238
58 16 238
59 16 238
60 16 238
61 16 238
23 16 239
31 16 239
39 16 239
47 16 239
58 16 239
59 16 239
60 16 239
61 16 239
23 16 240
31 16 240
39 16 240
47 16 240
58 16 240
59 16 240
60 16 240
61 16 240
23 24 241
31 24 241
39 24 241
47 24 241
58 24 241
59 24 241
60 24 241
61 24 241
23 24 242
31 24 242
39 24 242
47 24 242
58 24 242
59 24 242
60 24 242
61 24 242
23 24 243
31 24 243
39 24 243
47 24 243
58 24 243
59 24 243
60 24 243
61 24 243
23 24 244
31 24 244
39 24 244
47 24 244
58 24 244
59 24 244
60 24 244
61 24 244
23 24 245
31 24 245
39 24 245
47 24 245
58 24 245
59 24 245
60 24 245
61 24 245
23 24 246
31 24 246
39 24 246
47 24 246
58 24 246
59 24 246
60 24 246
61 24 246
23 24 247
31 24 247
39 24 247
47 24 247
58 24 247
59 24 247
60 24 247
61 24 247
23 24 248
31 24 248
39 24 248
47 24 248
58 24 248
59 24 248
60 24 248
61 24 248
23 24 249
31 24 249
39 24 249
47 24 249
58 24 249
59 24 249
60 24 249
61 24 249
23 24 250
31 24 250
39 24 250
47 24 250
58 24 250
59 24 250
60 24 250
61 24 250
23 24 251
31 24 251
39 24 251
47 24 251
58 24 251
59 24 251
60 24 251
61 24 251
23 24 252
31 24 252
39 24 252
47 24 252
58 24 252
59 24 252
60 24 252
61 24 252
23 24 253
31 24 253
39 24 253
47 24 253
58 24 253
59 24 253
60 24 253
61 24 253
23 24 254
31 24 254
39 24 254
47 24 254
58 24 254
59 24 254
60 24 254
61 24 254
23 24 255
31 24 255
39 24 255
47 24 255
58 24 255
59 24 255
60 24 255
61 24 255
23 24 256
31 24 256
39 24 256
47 24 256
58 24 256
59 24 256
60 24 256
61 24 256
23 24 257
31 24 257
39 24 257
47 24 257
58 24 257
59 24 257
60 24 257
61 24 257
23 24 258
31 24 258
39 24 258
47 24 258
58 24 258
59 24 258
60 24 258
61 24 258
23 24 259
31 24 259
39 24 259
47 24 259
58 24 259
59 24 259
60 24 259
61 24 259
23 24 260
31 24 260
39 24 260
47 24 260
58 24 260
59 24 260
60 24 260
61 24 260
23 24 261
31 24 261
39 24 261
47 24 261
58 24 261
59 24 261
60 24 261
61 24 261
23 24 262
31 24 262
39 24 262
47 24 262
58 24 262
59 24 262
60 24 262
61 24 262
23 24 263
31 24 263
39 24 263
47 24 263
58 24 263
59 24 263
60 24 263
61 24 263
23 24 264
31 24 264
39 24 264
47 24 264
58 24 264
59 24 264
60 24 264
61 24 264
23 24 265
31 24 265
39 24 265
47 24 265
58 24 265
59 24 265
60 24 265
61 24 265
23 24 266
31 24 266
39 24 266
47 24 266
58 24 266
59 24 266
60 24 266
61 24 266
23 24 267
31 24 267
39 24 267
47 24 267
58 24 267
59 24 267
60 24 267
61 24 267
23 24 268
31 24 268
39 24 268
47 24 268
58 24 268
59 24 268
60 24 268
61 24 268
23 24 269
31 24 269
39 24 269
47 24 269
58 24 269
59 24 269
60 24 269
61 24 269
23 24 270
31 24 270
39 24 270
47 24 270
58 24 270
59 24 270
60 24 270
61 24 270
23 24 271
31 24 271
39 24 271
47 24 271
58 24 271
59 24 271
60 24 271
61 24 271
23 24 272
31 24 272
39 24 272
47 24 272
58 24 272
59 24 272
60 24 272
61 24 272
23 24 273
31 24 273
39 24 273
47 24 273
58 24 273
59 24 273
60 24 273
61 24 273
23 24 274
31 24 274
39 24 274
47 24 274
58 24 274
59 24 274
60 24 274
61 24 274
23 24 275
31 24 275
39 24 275
47 24 275
58 24 275
59 24 275
60 24 275
61 24 275
23 24 276
31 24 276
39 24 276
47 24 276
58 24 276
59 24 276
60 24 276
61 24 276
23 24 277
31 24 277
39 24 277
47 24 277
58 24 277
59 24 277
60 24 277
61 24 277
23 24 278
31 24 278
39 24 278
47 24 278
58 24 278
59 24 278
60 24 278
61 24 278
23 24 279
31 24 279
39 24 279
47 24 279
58 24 279
59 24 279
60 24 279
61 24 279
23 24 280
31 24 280
39 24 280
47 24 280
58 24 280
59 24 280
60 24 280
61 24 280
23 24 281
31 24 281
39 24 281
47 24 281
58 24 281
59 24 281
60 24 281
61 24 281
23 24 282
31 24 282
39 24 282
47 24 282
58 24 282
59 24 282
60 24 282
61 24 282
23 24 283
31 24 283
39 24 283
47 24 283
58 24 283
59 24 283
60 24 283
61 24 283
23 24 284
31 24 284
39 24 284
47 24 284
58 24 284
59 24 284
60 24 284
61 24 284
23 24 285
31 24 285
39 24 285
47 24 285
58 24 285
59 24 285
60 24 285
61 24 285
23 24 286
31 24 286
39 24 286
47 24 286
58 24 286
59 24 286
60 24 286
61 24 286
23 24 287
31 24 287
39 24 287
47 24 287
58 24 287
59 24 287
60 24 287
61 24 287
23 24 288
31 24 288
39 24 288
47 24 288
58 24 288
59 24 288
60 24 288
61 24 288
23 32 289
31 32 289
39 32 289
47 32 289
58 32 289
59 32 289
60 32 289
61 32 289
23 32 290
31 32 290
39 32 290
47 32 290
58 32 290
59 32 290
60 32 290
61 32 290
23 32 291
31 32 291
39 32 291
47 32 291
58 32 291
59 32 291
60 32 291
61 32 291
23 32 292
31 32 292
39 32 292
47 32 292
58 32 292
59 32 292
60 32 292
61 32 292
23 32 293
31 32 293
39 32 293
47 32 293
58 32 293
59 32 293
60 32 293
61 32 293
23 32 294
31 32 294
39 32 294
47 32 294
58 32 294
59 32 294
60 32 294
61 32 294
23 32 295
31 32 295
39 32 295
47 32 295
58 32 295
59 32 295
60 32 295
61 32 295
23 32 296
31 32 296
39 32 296
47 32 296
58 32 296
59 32 296
60 32 296
61 32 296
23 32 297
31 32 297
39 32 297
47 32 297
58 32 297
59 32 297
60 32 297
61 32 297
23 32 298
31 32 298
39 32 298
47 32 298
58 32 298
59 32 298
60 32 298
61 32 298
23 32 299
31 32 299
39 32 299
47 32 299
58 32 299
59 32 299
60 32 299
61 32 299
23 32 300
31 32 300
39 32 300
47 32 300
58 32 300
59 32 300
60 32 300
61 32 300
23 32 301
31 32 301
39 32 301
47 32 301
58 32 301
59 32 301
60 32 301
61 32 301
23 32 302
31 32 302
39 32 302
47 32 302
58 32 302
59 32 302
60 32 302
61 32 302
23 32 303
31 32 303
39 32 303
47 32 303
58 32 303
59 32 303
60 32 303
61 32 303
23 32 304
31 32 304
39 32 304
47 32 304
58 32 304
59 32 304
60 32 304
61 32 304
23 32 305
31 32 305
39 32 305
47 32 305
58 32 305
59 32 305
60 32 305
61 32 305
23 32 306
31 32 306
39 32 306
47 32 306
58 32 306
59 32 306
60 32 306
61 32 306
23 32 307
31 32 307
39 32 307
47 32 307
58 32 307
59 32 307
60 32 307
61 32 307
23 32 308
31 32 308
39 32 308
47 32 308
58 32 308
59 32 308
60 32 308
61 32 308
23 32 309
31 32 309
39 32 309
47 32 309
58 32 309
59 32 309
60 32 309
61 32 309
23 32 310
31 32 310
39 32 310
47 32 310
58 32 310
59 32 310
60 32 310
61 32 310
23 32 311
31 32 311
39 32 311
47 32 311
58 32 311
59 32 311
60 32 311
61 32 311
23 32 312
31 32 312
39 32 312
47 32 312
58 32 312
59 32 312
60 32 312
61 32 312
23 32 313
31 32 313
39 32 313
47 32 313
58 32 313
59 32 313
60 32 313
61 32 313
23 32 314
31 32 314
39 32 314
47 32 314
58 32 314
59 32 314
60 32 314
61 32 314
23 32 315
31 32 315
39 32 315
47 32 315
58 32 315
59 32 315
60 32 315
61 32 315
23 32 316
31 32 316
39 32 316
47 32 316
58 32 316
59 32 316
60 32 316
61 32 316
23 32 317
31 32 317
39 32 317
47 32 317
58 32 317
59 32 317
60 32 317
61 32 317
23 32 318
31 32 318
39 32 318
47 32 318
58 32 318
59 32 318
60 32 318
61 32 318
23 32 319
31 32 319
39 32 319
47 32 319
58 32 319
59 32 319
60 32 319
61 32 319
23 32 320
31 32 320
39 32 320
47 32 320
58 32 320
59 32 320
60 32 320
61 32 320
23 32 321
31 32 321
39 32 321
47 32 321
58 32 321
59 32 321
60 32 321
61 32 321
23 32 322
31 32 322
39 32 322
47 32 322
58 32 322
59 32 322
60 32 322
61 32 322
23 32 323
31 32 323
39 32 323
47 32 323
58 32 323
59 32 323
60 32 323
61 32 323
23 32 324
31 32 324
39 32 324
47 32 324
58 32 324
59 32 324
60 32 324
61 32 324
23 32 325
31 32 325
39 32 325
47 32 325
58 32 325
59 32 325
60 32 325
61 32 325
23 32 326
31 32 326
39 32 326
47 32 326
58 32 326
59 32 326
60 32 326
61 32 326
23 32 327
31 32 327
39 32 327
47 32 327
58 32 327
59 32 327
60 32 327
61 32 327
23 32 328
31 32 328
39 32 328
47 32 328
58 32 328
59 32 328
60 32 328
61 32 328
23 32 329
31 32 329
39 32 329
47 32 329
58 32 329
59 32 329
60 32 329
61 32 329
23 32 330
31 32 330
39 32 330
47 32 330
58 32 330
59 32 330
60 32 330
61 32 330
23 32 331
31 32 331
39 32 331
47 32 331
58 32 331
59 32 331
60 32 331
61 32 331
23 32 332
31 32 332
39 32 332
47 32 332
58 32 332
59 32 332
60 32 332
61 32 332
23 32 333
31 32 333
39 32 333
47 32 333
58 32 333
59 32 333
60 32 333
61 32 333
23 32 334
31 32 334
39 32 334
47 32 334
58 32 334
59 32 334
60 32 334
61 32 334
23 32 335
31 32 335
39 32 335
47 32 335
58 32 335
59 32 335
60 32 335
61 32 335
23 32 336
31 32 336
39 32 336
47 32 336
58 32 336
59 32 336
60 32 336
61 32 336
23 40 337
31 40 337
39 40 337
47 40 337
58 40 337
59 40 337
60 40 337
61 40 337
23 40 338
31 40 338
39 40 338
47 40 338
58 40 338
59 40 338
60 40 338
61 40 338
23 40 339
31 40 339
39 40 339
47 40 339
58 40 339
59 40 339
60 40 339
61 40 339
23 40 340
31 40 340
39 40 340
47 40 340
58 40 340
59 40 340
60 40 340
61 40 340
23 40 341
31 40 341
39 40 341
47 40 341
58 40 341
59 40 341
60 40 341
61 40 341
23 40 342
31 40 342
39 40 342
47 40 342
58 40 342
59 40 342
60 40 342
61 40 342
23 40 343
31 40 343
39 40 343
47 40 343
58 40 343
59 40 343
60 40 343
61 40 343
23 40 344
31 40 344
39 40 344
47 40 344
58 40 344
59 40 344
60 40 344
61 40 344
23 40 345
31 40 345
39 40 345
47 40 345
58 40 345
59 40 345
60 40 345
61 40 345
23 40 346
31 40 346
39 40 346
47 40 346
58 40 346
59 40 346
60 40 346
61 40 346
23 40 347
31 40 347
39 40 347
47 40 347
58 40 347
59 40 347
60 40 347
61 40 347
23 40 348
31 40 348
39 40 348
47 40 348
58 40 348
59 40 348
60 40 348
61 40 348
23 40 349
31 40 349
39 40 349
47 40 349
58 40 349
59 40 349
60 40 349
61 40 349
23 40 350
31 40 350
39 40 350
47 40 350
58 40 350
59 40 350
60 40 350
61 40 350
23 40 351
31 40 351
39 40 351
47 40 351
58 40 351
59 40 351
60 40 351
61 40 351
23 40 352
31 40 352
39 40 352
47 40 352
58 40 352
59 40 352
60 40 352
61 40 352
23 40 353
31 40 353
39 40 353
47 40 353
58 40 353
59 40 353
60 40 353
61 40 353
23 40 354
31 40 354
39 40 354
47 40 354
58 40 354
59 40 354
60 40 354
61 40 354
23 40 355
31 40 355
39 40 355
47 40 355
58 40 355
59 40 355
60 40 355
61 40 355
23 40 356
31 40 356
39 40 356
47 40 356
58 40 356
59 40 356
60 40 356
61 40 356
23 40 357
31 40 357
39 40 357
47 40 357
58 40 357
59 40 357
60 40 357
61 40 357
23 40 358
31 40 358
39 40 358
47 40 358
58 40 358
59 40 358
60 40 358
61 40 358
23 40 359
31 40 359
39 40 359
47 40 359
58 40 359
59 40 359
60 40 359
61 40 359
23 40 360
31 40 360
39 40 360
47 40 360
58 40 360
59 40 360
60 40 360
61 40 360
23 40 361
31 40 361
39 40 361
47 40 361
58 40 361
59 40 361
60 40 361
61 40 361
23 40 362
31 40 362
39 40 362
47 40 362
58 40 362
59 40 362
60 40 362
61 40 362
23 40 363
31 40 363
39 40 363
47 40 363
58 40 363
59 40 363
60 40 363
61 40 363
23 40 364
31 40 364
39 40 364
47 40 364
58 40 364
59 40 364
60 40 364
61 40 364
23 40 365
31 40 365
39 40 365
47 40 365
58 40 365
59 40 365
60 40 365
61 40 365
23 40 366
31 40 366
39 40 366
47 40 366
58 40 366
59 40 366
60 40 366
61 40 366
23 40 367
31 40 367
39 40 367
47 40 367
58 40 367
59 40 367
60 40 367
61 40 367
23 40 368
31 40 368
39 40 368
47 40 368
58 40 368
59 40 368
60 40 368
61 40 368
23 40 369
31 40 369
39 40 369
47 40 369
58 40 369
59 40 369
60 40 369
61 40 369
23 40 370
31 40 370
39 40 370
47 40 370
58 40 370
59 40 370
60 40 370
61 40 370
23 40 371
31 40 371
39 40 371
47 40 371
58 40 371
59 40 371
60 40 371
61 40 371
23 40 372
31 40 372
39 40 372
47 40 372
58 40 372
59 40 372
60 40 372
61 40 372
23 40 373
31 40 373
39 40 373
47 40 373
58 40 373
59 40 373
60 40 373
61 40 373
23 40 374
31 40 374
39 40 374
47 40 374
58 40 374
59 40 374
60 40 374
61 40 374
23 40 375
31 40 375
39 40 375
47 40 375
58 40 375
59 40 375
60 40 375
61 40 375
23 40 376
31 40 376
39 40 376
47 40 376
58 40 376
59 40 376
60 40 376
61 40 376
23 40 377
31 40 377
39 40 377
47 40 377
58 40 377
59 40 377
60 40 377
61 40 377
23 40 378
31 40 378
39 40 378
47 40 378
58 40 378
59 40 378
60 40 378
61 40 378
23 40 379
31 40 379
39 40 379
47 40 379
58 40 379
59 40 379
60 40 379
61 40 379
23 40 380
31 40 380
39 40 380
47 40 380
58 40 380
59 40 380
60 40 380
61 40 380
23 40 381
31 40 381
39 40 381
47 40 381
58 40 381
59 40 381
60 40 381
61 40 381
23 40 382
31 40 382
39 40 382
47 40 382
58 40 382
59 40 382
60 40 382
61 40 382
23 40 383
31 40 383
39 40 383
47 40 383
58 40 383
59 40 383
60 40 383
61 40 383
23 40 384
31 40 384
39 40 384
47 40 384
58 40 384
59 40 384
60 40 384
61 40 384
