21 3 1
22 3 1
25 3 1
26 3 1
27 3 1
28 3 1
29 3 1
30 3 1
33 3 1
34 3 1
35 3 1
36 3 1
37 3 1
38 3 1
41 3 1
42 3 1
15 3 1
23 3 1
31 3 1
39 3 1
57 3 1
58 3 1
59 3 1
60 3 1
21 4 2
22 4 2
25 4 2
26 4 2
27 4 2
28 4 2
29 4 2
30 4 2
33 4 2
34 4 2
35 4 2
36 4 2
37 4 2
38 4 2
41 4 2
42 4 2
15 3 2
23 3 2
31 3 2
39 3 2
57 3 2
58 3 2
59 3 2
60 3 2
21 5 3
22 5 3
25 5 3
26 5 3
27 5 3
28 5 3
29 5 3
30 5 3
33 5 3
34 5 3
35 5 3
36 5 3
37 5 3
38 5 3
41 5 3
42 5 3
15 3 3
23 3 3
31 3 3
39 3 3
57 3 3
58 3 3
59 3 3
60 3 3
21 6 4
22 6 4
25 6 4
26 6 4
27 6 4
28 6 4
29 6 4
30 6 4
33 6 4
34 6 4
35 6 4
36 6 4
37 6 4
38 6 4
41 6 4
42 6 4
15 3 4
23 3 4
31 3 4
39 3 4
57 3 4
58 3 4
59 3 4
60 3 4
21 8 5
22 8 5
25 8 5
26 8 5
27 8 5
28 8 5
29 8 5
30 8 5
33 8 5
34 8 5
35 8 5
36 8 5
37 8 5
38 8 5
41 8 5
42 8 5
15 3 5
23 3 5
31 3 5
39 3 5
57 3 5
58 3 5
59 3 5
60 3 5
21 16 6
22 16 6
25 16 6
26 16 6
27 16 6
28 16 6
29 16 6
30 16 6
33 16 6
34 16 6
35 16 6
36 16 6
37 16 6
38 16 6
41 16 6
42 16 6
15 3 6
23 3 6
31 3 6
39 3 6
57 3 6
58 3 6
59 3 6
60 3 6
21 24 7
22 24 7
25 24 7
26 24 7
27 24 7
28 24 7
29 24 7
30 24 7
33 24 7
34 24 7
35 24 7
36 24 7
37 24 7
38 24 7
41 24 7
42 24 7
15 3 7
23 3 7
31 3 7
39 3 7
57 3 7
58 3 7
59 3 7
60 3 7
21 32 8
22 32 8
25 32 8
26 32 8
27 32 8
28 32 8
29 32 8
30 32 8
33 32 8
34 32 8
35 32 8
36 32 8
37 32 8
38 32 8
41 32 8
42 32 8
15 3 8
23 3 8
31 3 8
39 3 8
57 3 8
58 3 8
59 3 8
60 3 8
21 15 9
22 15 9
25 15 9
26 15 9
27 15 9
28 15 9
29 15 9
30 15 9
33 15 9
34 15 9
35 15 9
36 15 9
37 15 9
38 15 9
41 15 9
42 15 9
15 3 9
23 3 9
31 3 9
39 3 9
57 3 9
58 3 9
59 3 9
60 3 9
21 15 10
22 15 10
25 15 10
26 15 10
27 15 10
28 15 10
29 15 10
30 15 10
33 15 10
34 15 10
35 15 10
36 15 10
37 15 10
38 15 10
41 15 10
42 15 10
15 3 10
23 3 10
31 3 10
39 3 10
57 3 10
58 3 10
59 3 10
60 3 10
21 15 11
22 15 11
25 15 11
26 15 11
27 15 11
28 15 11
29 15 11
30 15 11
33 15 11
34 15 11
35 15 11
36 15 11
37 15 11
38 15 11
41 15 11
42 15 11
15 3 11
23 3 11
31 3 11
39 3 11
57 3 11
58 3 11
59 3 11
60 3 11
21 23 12
22 23 12
25 23 12
26 23 12
27 23 12
28 23 12
29 23 12
30 23 12
33 23 12
34 23 12
35 23 12
36 23 12
37 23 12
38 23 12
41 23 12
42 23 12
15 3 12
23 3 12
31 3 12
39 3 12
57 3 12
58 3 12
59 3 12
60 3 12
21 23 13
22 23 13
25 23 13
26 23 13
27 23 13
28 23 13
29 23 13
30 23 13
33 23 13
34 23 13
35 23 13
36 23 13
37 23 13
38 23 13
41 23 13
42 23 13
15 3 13
23 3 13
31 3 13
39 3 13
57 3 13
58 3 13
59 3 13
60 3 13
21 23 14
22 23 14
25 23 14
26 23 14
27 23 14
28 23 14
29 23 14
30 23 14
33 23 14
34 23 14
35 23 14
36 23 14
37 23 14
38 23 14
41 23 14
42 23 14
15 3 14
23 3 14
31 3 14
39 3 14
57 3 14
58 3 14
59 3 14
60 3 14
21 31 15
22 31 15
25 31 15
26 31 15
27 31 15
28 31 15
29 31 15
30 31 15
33 31 15
34 31 15
35 31 15
36 31 15
37 31 15
38 31 15
41 31 15
42 31 15
15 3 15
23 3 15
31 3 15
39 3 15
57 3 15
58 3 15
59 3 15
60 3 15
21 31 16
22 31 16
25 31 16
26 31 16
27 31 16
28 31 16
29 31 16
30 31 16
33 31 16
34 31 16
35 31 16
36 31 16
37 31 16
38 31 16
41 31 16
42 31 16
15 3 16
23 3 16
31 3 16
39 3 16
57 3 16
58 3 16
59 3 16
60 3 16
21 31 17
22 31 17
25 31 17
26 31 17
27 31 17
28 31 17
29 31 17
30 31 17
33 31 17
34 31 17
35 31 17
36 31 17
37 31 17
38 31 17
41 31 17
42 31 17
15 3 17
23 3 17
31 3 17
39 3 17
57 3 17
58 3 17
59 3 17
60 3 17
21 39 18
22 39 18
25 39 18
26 39 18
27 39 18
28 39 18
29 39 18
30 39 18
33 39 18
34 39 18
35 39 18
36 39 18
37 39 18
38 39 18
41 39 18
42 39 18
15 3 18
23 3 18
31 3 18
39 3 18
57 3 18
58 3 18
59 3 18
60 3 18
21 39 19
22 39 19
25 39 19
26 39 19
27 39 19
28 39 19
29 39 19
30 39 19
33 39 19
34 39 19
35 39 19
36 39 19
37 39 19
38 39 19
41 39 19
42 39 19
15 3 19
23 3 19
31 3 19
39 3 19
57 3 19
58 3 19
59 3 19
60 3 19
21 39 20
22 39 20
25 39 20
26 39 20
27 39 20
28 39 20
29 39 20
30 39 20
33 39 20
34 39 20
35 39 20
36 39 20
37 39 20
38 39 20
41 39 20
42 39 20
15 3 20
23 3 20
31 3 20
39 3 20
57 3 20
58 3 20
59 3 20
60 3 20
21 57 21
22 57 21
25 57 21
26 57 21
27 57 21
28 57 21
29 57 21
30 57 21
33 57 21
34 57 21
35 57 21
36 57 21
37 57 21
38 57 21
41 57 21
42 57 21
15 3 21
23 3 21
31 3 21
39 3 21
57 3 21
58 3 21
59 3 21
60 3 21
21 57 22
22 57 22
25 57 22
26 57 22
27 57 22
28 57 22
29 57 22
30 57 22
33 57 22
34 57 22
35 57 22
36 57 22
37 57 22
38 57 22
41 57 22
42 57 22
15 3 22
23 3 22
31 3 22
39 3 22
57 3 22
58 3 22
59 3 22
60 3 22
21 57 23
22 57 23
25 57 23
26 57 23
27 57 23
28 57 23
29 57 23
30 57 23
33 57 23
34 57 23
35 57 23
36 57 23
37 57 23
38 57 23
41 57 23
42 57 23
15 3 23
23 3 23
31 3 23
39 3 23
57 3 23
58 3 23
59 3 23
60 3 23
21 58 24
22 58 24
25 58 24
26 58 24
27 58 24
28 58 24
29 58 24
30 58 24
33 58 24
34 58 24
35 58 24
36 58 24
37 58 24
38 58 24
41 58 24
42 58 24
15 3 24
23 3 24
31 3 24
39 3 24
57 3 24
58 3 24
59 3 24
60 3 24
21 58 25
22 58 25
25 58 25
26 58 25
27 58 25
28 58 25
29 58 25
30 58 25
33 58 25
34 58 25
35 58 25
36 58 25
37 58 25
38 58 25
41 58 25
42 58 25
15 3 25
23 3 25
31 3 25
39 3 25
57 3 25
58 3 25
59 3 25
60 3 25
21 58 26
22 58 26
25 58 26
26 58 26
27 58 26
28 58 26
29 58 26
30 58 26
33 58 26
34 58 26
35 58 26
36 58 26
37 58 26
38 58 26
41 58 26
42 58 26
15 3 26
23 3 26
31 3 26
39 3 26
57 3 26
58 3 26
59 3 26
60 3 26
21 59 27
22 59 27
25 59 27
26 59 27
27 59 27
28 59 27
29 59 27
30 59 27
33 59 27
34 59 27
35 59 27
36 59 27
37 59 27
38 59 27
41 59 27
42 59 27
15 3 27
23 3 27
31 3 27
39 3 27
57 3 27
58 3 27
59 3 27
60 3 27
21 59 28
22 59 28
25 59 28
26 59 28
27 59 28
28 59 28
29 59 28
30 59 28
33 59 28
34 59 28
35 59 28
36 59 28
37 59 28
38 59 28
41 59 28
42 59 28
15 3 28
23 3 28
31 3 28
39 3 28
57 3 28
58 3 28
59 3 28
60 3 28
21 59 29
22 59 29
25 59 29
26 59 29
27 59 29
28 59 29
29 59 29
30 59 29
33 59 29
34 59 29
35 59 29
36 59 29
37 59 29
38 59 29
41 59 29
42 59 29
15 3 29
23 3 29
31 3 29
39 3 29
57 3 29
58 3 29
59 3 29
60 3 29
21 60 30
22 60 30
25 60 30
26 60 30
27 60 30
28 60 30
29 60 30
30 60 30
33 60 30
34 60 30
35 60 30
36 60 30
37 60 30
38 60 30
41 60 30
42 60 30
15 3 30
23 3 30
31 3 30
39 3 30
57 3 30
58 3 30
59 3 30
60 3 30
21 60 31
22 60 31
25 60 31
26 60 31
27 60 31
28 60 31
29 60 31
30 60 31
33 60 31
34 60 31
35 60 31
36 60 31
37 60 31
38 60 31
41 60 31
42 60 31
15 3 31
23 3 31
31 3 31
39 3 31
57 3 31
58 3 31
59 3 31
60 3 31
21 60 32
22 60 32
25 60 32
26 60 32
27 60 32
28 60 32
29 60 32
30 60 32
33 60 32
34 60 32
35 60 32
36 60 32
37 60 32
38 60 32
41 60 32
42 60 32
15 3 32
23 3 32
31 3 32
39 3 32
57 3 32
58 3 32
59 3 32
60 3 32
15 3 33
23 3 33
31 3 33
39 3 33
57 3 33
58 3 33
59 3 33
60 3 33
15 3 34
23 3 34
31 3 34
39 3 34
57 3 34
58 3 34
59 3 34
60 3 34
15 3 35
23 3 35
31 3 35
39 3 35
57 3 35
58 3 35
59 3 35
60 3 35
15 3 36
23 3 36
31 3 36
39 3 36
57 3 36
58 3 36
59 3 36
60 3 36
15 3 37
23 3 37
31 3 37
39 3 37
57 3 37
58 3 37
59 3 37
60 3 37
15 3 38
23 3 38
31 3 38
39 3 38
57 3 38
58 3 38
59 3 38
60 3 38
15 3 39
23 3 39
31 3 39
39 3 39
57 3 39
58 3 39
59 3 39
60 3 39
15 3 40
23 3 40
31 3 40
39 3 40
57 3 40
58 3 40
59 3 40
60 3 40
15 3 41
23 3 41
31 3 41
39 3 41
57 3 41
58 3 41
59 3 41
60 3 41
15 3 42
23 3 42
31 3 42
39 3 42
57 3 42
58 3 42
59 3 42
60 3 42
15 3 43
23 3 43
31 3 43
39 3 43
57 3 43
58 3 43
59 3 43
60 3 43
15 3 44
23 3 44
31 3 44
39 3 44
57 3 44
58 3 44
59 3 44
60 3 44
15 3 45
23 3 45
31 3 45
39 3 45
57 3 45
58 3 45
59 3 45
60 3 45
15 3 46
23 3 46
31 3 46
39 3 46
57 3 46
58 3 46
59 3 46
60 3 46
15 3 47
23 3 47
31 3 47
39 3 47
57 3 47
58 3 47
59 3 47
60 3 47
15 3 48
23 3 48
31 3 48
39 3 48
57 3 48
58 3 48
59 3 48
60 3 48
15 4 49
23 4 49
31 4 49
39 4 49
57 4 49
58 4 49
59 4 49
60 4 49
15 4 50
23 4 50
31 4 50
39 4 50
57 4 50
58 4 50
59 4 50
60 4 50
15 4 51
23 4 51
31 4 51
39 4 51
57 4 51
58 4 51
59 4 51
60 4 51
15 4 52
23 4 52
31 4 52
39 4 52
57 4 52
58 4 52
59 4 52
60 4 52
15 4 53
23 4 53
31 4 53
39 4 53
57 4 53
58 4 53
59 4 53
60 4 53
15 4 54
23 4 54
31 4 54
39 4 54
57 4 54
58 4 54
59 4 54
60 4 54
15 4 55
23 4 55
31 4 55
39 4 55
57 4 55
58 4 55
59 4 55
60 4 55
15 4 56
23 4 56
31 4 56
39 4 56
57 4 56
58 4 56
59 4 56
60 4 56
15 4 57
23 4 57
31 4 57
39 4 57
57 4 57
58 4 57
59 4 57
60 4 57
15 4 58
23 4 58
31 4 58
39 4 58
57 4 58
58 4 58
59 4 58
60 4 58
15 4 59
23 4 59
31 4 59
39 4 59
57 4 59
58 4 59
59 4 59
60 4 59
15 4 60
23 4 60
31 4 60
39 4 60
57 4 60
58 4 60
59 4 60
60 4 60
15 4 61
23 4 61
31 4 61
39 4 61
57 4 61
58 4 61
59 4 61
60 4 61
15 4 62
23 4 62
31 4 62
39 4 62
57 4 62
58 4 62
59 4 62
60 4 62
15 4 63
23 4 63
31 4 63
39 4 63
57 4 63
58 4 63
59 4 63
60 4 63
15 4 64
23 4 64
31 4 64
39 4 64
57 4 64
58 4 64
59 4 64
60 4 64
15 4 65
23 4 65
31 4 65
39 4 65
57 4 65
58 4 65
59 4 65
60 4 65
15 4 66
23 4 66
31 4 66
39 4 66
57 4 66
58 4 66
59 4 66
60 4 66
15 4 67
23 4 67
31 4 67
39 4 67
57 4 67
58 4 67
59 4 67
60 4 67
15 4 68
23 4 68
31 4 68
39 4 68
57 4 68
58 4 68
59 4 68
60 4 68
15 4 69
23 4 69
31 4 69
39 4 69
57 4 69
58 4 69
59 4 69
60 4 69
15 4 70
23 4 70
31 4 70
39 4 70
57 4 70
58 4 70
59 4 70
60 4 70
15 4 71
23 4 71
31 4 71
39 4 71
57 4 71
58 4 71
59 4 71
60 4 71
15 4 72
23 4 72
31 4 72
39 4 72
57 4 72
58 4 72
59 4 72
60 4 72
15 4 73
23 4 73
31 4 73
39 4 73
57 4 73
58 4 73
59 4 73
60 4 73
15 4 74
23 4 74
31 4 74
39 4 74
57 4 74
58 4 74
59 4 74
60 4 74
15 4 75
23 4 75
31 4 75
39 4 75
57 4 75
58 4 75
59 4 75
60 4 75
15 4 76
23 4 76
31 4 76
39 4 76
57 4 76
58 4 76
59 4 76
60 4 76
15 4 77
23 4 77
31 4 77
39 4 77
57 4 77
58 4 77
59 4 77
60 4 77
15 4 78
23 4 78
31 4 78
39 4 78
57 4 78
58 4 78
59 4 78
60 4 78
15 4 79
23 4 79
31 4 79
39 4 79
57 4 79
58 4 79
59 4 79
60 4 79
15 4 80
23 4 80
31 4 80
39 4 80
57 4 80
58 4 80
59 4 80
60 4 80
15 4 81
23 4 81
31 4 81
39 4 81
57 4 81
58 4 81
59 4 81
60 4 81
15 4 82
23 4 82
31 4 82
39 4 82
57 4 82
58 4 82
59 4 82
60 4 82
15 4 83
23 4 83
31 4 83
39 4 83
57 4 83
58 4 83
59 4 83
60 4 83
15 4 84
23 4 84
31 4 84
39 4 84
57 4 84
58 4 84
59 4 84
60 4 84
15 4 85
23 4 85
31 4 85
39 4 85
57 4 85
58 4 85
59 4 85
60 4 85
15 4 86
23 4 86
31 4 86
39 4 86
57 4 86
58 4 86
59 4 86
60 4 86
15 4 87
23 4 87
31 4 87
39 4 87
57 4 87
58 4 87
59 4 87
60 4 87
15 4 88
23 4 88
31 4 88
39 4 88
57 4 88
58 4 88
59 4 88
60 4 88
15 4 89
23 4 89
31 4 89
39 4 89
57 4 89
58 4 89
59 4 89
60 4 89
15 4 90
23 4 90
31 4 90
39 4 90
57 4 90
58 4 90
59 4 90
60 4 90
15 4 91
23 4 91
31 4 91
39 4 91
57 4 91
58 4 91
59 4 91
60 4 91
15 4 92
23 4 92
31 4 92
39 4 92
57 4 92
58 4 92
59 4 92
60 4 92
15 4 93
23 4 93
31 4 93
39 4 93
57 4 93
58 4 93
59 4 93
60 4 93
15 4 94
23 4 94
31 4 94
39 4 94
57 4 94
58 4 94
59 4 94
60 4 94
15 4 95
23 4 95
31 4 95
39 4 95
57 4 95
58 4 95
59 4 95
60 4 95
15 4 96
23 4 96
31 4 96
39 4 96
57 4 96
58 4 96
59 4 96
60 4 96
15 5 97
23 5 97
31 5 97
39 5 97
57 5 97
58 5 97
59 5 97
60 5 97
15 5 98
23 5 98
31 5 98
39 5 98
57 5 98
58 5 98
59 5 98
60 5 98
15 5 99
23 5 99
31 5 99
39 5 99
57 5 99
58 5 99
59 5 99
60 5 99
15 5 100
23 5 100
31 5 100
39 5 100
57 5 100
58 5 100
59 5 100
60 5 100
15 5 101
23 5 101
31 5 101
39 5 101
57 5 101
58 5 101
59 5 101
60 5 101
15 5 102
23 5 102
31 5 102
39 5 102
57 5 102
58 5 102
59 5 102
60 5 102
15 5 103
23 5 103
31 5 103
39 5 103
57 5 103
58 5 103
59 5 103
60 5 103
15 5 104
23 5 104
31 5 104
39 5 104
57 5 104
58 5 104
59 5 104
60 5 104
15 5 105
23 5 105
31 5 105
39 5 105
57 5 105
58 5 105
59 5 105
60 5 105
15 5 106
23 5 106
31 5 106
39 5 106
57 5 106
58 5 106
59 5 106
60 5 106
15 5 107
23 5 107
31 5 107
39 5 107
57 5 107
58 5 107
59 5 107
60 5 107
15 5 108
23 5 108
31 5 108
39 5 108
57 5 108
58 5 108
59 5 108
60 5 108
15 5 109
23 5 109
31 5 109
39 5 109
57 5 109
58 5 109
59 5 109
60 5 109
15 5 110
23 5 110
31 5 110
39 5 110
57 5 110
58 5 110
59 5 110
60 5 110
15 5 111
23 5 111
31 5 111
39 5 111
57 5 111
58 5 111
59 5 111
60 5 111
15 5 112
23 5 112
31 5 112
39 5 112
57 5 112
58 5 112
59 5 112
60 5 112
15 5 113
23 5 113
31 5 113
39 5 113
57 5 113
58 5 113
59 5 113
60 5 113
15 5 114
23 5 114
31 5 114
39 5 114
57 5 114
58 5 114
59 5 114
60 5 114
15 5 115
23 5 115
31 5 115
39 5 115
57 5 115
58 5 115
59 5 115
60 5 115
15 5 116
23 5 116
31 5 116
39 5 116
57 5 116
58 5 116
59 5 116
60 5 116
15 5 117
23 5 117
31 5 117
39 5 117
57 5 117
58 5 117
59 5 117
60 5 117
15 5 118
23 5 118
31 5 118
39 5 118
57 5 118
58 5 118
59 5 118
60 5 118
15 5 119
23 5 119
31 5 119
39 5 119
57 5 119
58 5 119
59 5 119
60 5 119
15 5 120
23 5 120
31 5 120
39 5 120
57 5 120
58 5 120
59 5 120
60 5 120
15 5 121
23 5 121
31 5 121
39 5 121
57 5 121
58 5 121
59 5 121
60 5 121
15 5 122
23 5 122
31 5 122
39 5 122
57 5 122
58 5 122
59 5 122
60 5 122
15 5 123
23 5 123
31 5 123
39 5 123
57 5 123
58 5 123
59 5 123
60 5 123
15 5 124
23 5 124
31 5 124
39 5 124
57 5 124
58 5 124
59 5 124
60 5 124
15 5 125
23 5 125
31 5 125
39 5 125
57 5 125
58 5 125
59 5 125
60 5 125
15 5 126
23 5 126
31 5 126
39 5 126
57 5 126
58 5 126
59 5 126
60 5 126
15 5 127
23 5 127
31 5 127
39 5 127
57 5 127
58 5 127
59 5 127
60 5 127
15 5 128
23 5 128
31 5 128
39 5 128
57 5 128
58 5 128
59 5 128
60 5 128
15 5 129
23 5 129
31 5 129
39 5 129
57 5 129
58 5 129
59 5 129
60 5 129
15 5 130
23 5 130
31 5 130
39 5 130
57 5 130
58 5 130
59 5 130
60 5 130
15 5 131
23 5 131
31 5 131
39 5 131
57 5 131
58 5 131
59 5 131
60 5 131
15 5 132
23 5 132
31 5 132
39 5 132
57 5 132
58 5 132
59 5 132
60 5 132
15 5 133
23 5 133
31 5 133
39 5 133
57 5 133
58 5 133
59 5 133
60 5 133
15 5 134
23 5 134
31 5 134
39 5 134
57 5 134
58 5 134
59 5 134
60 5 134
15 5 135
23 5 135
31 5 135
39 5 135
57 5 135
58 5 135
59 5 135
60 5 135
15 5 136
23 5 136
31 5 136
39 5 136
57 5 136
58 5 136
59 5 136
60 5 136
15 5 137
23 5 137
31 5 137
39 5 137
57 5 137
58 5 137
59 5 137
60 5 137
15 5 138
23 5 138
31 5 138
39 5 138
57 5 138
58 5 138
59 5 138
60 5 138
15 5 139
23 5 139
31 5 139
39 5 139
57 5 139
58 5 139
59 5 139
60 5 139
15 5 140
23 5 140
31 5 140
39 5 140
57 5 140
58 5 140
59 5 140
60 5 140
15 5 141
23 5 141
31 5 141
39 5 141
57 5 141
58 5 141
59 5 141
60 5 141
15 5 142
23 5 142
31 5 142
39 5 142
57 5 142
58 5 142
59 5 142
60 5 142
15 5 143
23 5 143
31 5 143
39 5 143
57 5 143
58 5 143
59 5 143
60 5 143
15 5 144
23 5 144
31 5 144
39 5 144
57 5 144
58 5 144
59 5 144
60 5 144
15 6 145
23 6 145
31 6 145
39 6 145
57 6 145
58 6 145
59 6 145
60 6 145
15 6 146
23 6 146
31 6 146
39 6 146
57 6 146
58 6 146
59 6 146
60 6 146
15 6 147
23 6 147
31 6 147
39 6 147
57 6 147
58 6 147
59 6 147
60 6 147
15 6 148
23 6 148
31 6 148
39 6 148
57 6 148
58 6 148
59 6 148
60 6 148
15 6 149
23 6 149
31 6 149
39 6 149
57 6 149
58 6 149
59 6 149
60 6 149
15 6 150
23 6 150
31 6 150
39 6 150
57 6 150
58 6 150
59 6 150
60 6 150
15 6 151
23 6 151
31 6 151
39 6 151
57 6 151
58 6 151
59 6 151
60 6 151
15 6 152
23 6 152
31 6 152
39 6 152
57 6 152
58 6 152
59 6 152
60 6 152
15 6 153
23 6 153
31 6 153
39 6 153
57 6 153
58 6 153
59 6 153
60 6 153
15 6 154
23 6 154
31 6 154
39 6 154
57 6 154
58 6 154
59 6 154
60 6 154
15 6 155
23 6 155
31 6 155
39 6 155
57 6 155
58 6 155
59 6 155
60 6 155
15 6 156
23 6 156
31 6 156
39 6 156
57 6 156
58 6 156
59 6 156
60 6 156
15 6 157
23 6 157
31 6 157
39 6 157
57 6 157
58 6 157
59 6 157
60 6 157
15 6 158
23 6 158
31 6 158
39 6 158
57 6 158
58 6 158
59 6 158
60 6 158
15 6 159
23 6 159
31 6 159
39 6 159
57 6 159
58 6 159
59 6 159
60 6 159
15 6 160
23 6 160
31 6 160
39 6 160
57 6 160
58 6 160
59 6 160
60 6 160
15 6 161
23 6 161
31 6 161
39 6 161
57 6 161
58 6 161
59 6 161
60 6 161
15 6 162
23 6 162
31 6 162
39 6 162
57 6 162
58 6 162
59 6 162
60 6 162
15 6 163
23 6 163
31 6 163
39 6 163
57 6 163
58 6 163
59 6 163
60 6 163
15 6 164
23 6 164
31 6 164
39 6 164
57 6 164
58 6 164
59 6 164
60 6 164
15 6 165
23 6 165
31 6 165
39 6 165
57 6 165
58 6 165
59 6 165
60 6 165
15 6 166
23 6 166
31 6 166
39 6 166
57 6 166
58 6 166
59 6 166
60 6 166
15 6 167
23 6 167
31 6 167
39 6 167
57 6 167
58 6 167
59 6 167
60 6 167
15 6 168
23 6 168
31 6 168
39 6 168
57 6 168
58 6 168
59 6 168
60 6 168
15 6 169
23 6 169
31 6 169
39 6 169
57 6 169
58 6 169
59 6 169
60 6 169
15 6 170
23 6 170
31 6 170
39 6 170
57 6 170
58 6 170
59 6 170
60 6 170
15 6 171
23 6 171
31 6 171
39 6 171
57 6 171
58 6 171
59 6 171
60 6 171
15 6 172
23 6 172
31 6 172
39 6 172
57 6 172
58 6 172
59 6 172
60 6 172
15 6 173
23 6 173
31 6 173
39 6 173
57 6 173
58 6 173
59 6 173
60 6 173
15 6 174
23 6 174
31 6 174
39 6 174
57 6 174
58 6 174
59 6 174
60 6 174
15 6 175
23 6 175
31 6 175
39 6 175
57 6 175
58 6 175
59 6 175
60 6 175
15 6 176
23 6 176
31 6 176
39 6 176
57 6 176
58 6 176
59 6 176
60 6 176
15 6 177
23 6 177
31 6 177
39 6 177
57 6 177
58 6 177
59 6 177
60 6 177
15 6 178
23 6 178
31 6 178
39 6 178
57 6 178
58 6 178
59 6 178
60 6 178
15 6 179
23 6 179
31 6 179
39 6 179
57 6 179
58 6 179
59 6 179
60 6 179
15 6 180
23 6 180
31 6 180
39 6 180
57 6 180
58 6 180
59 6 180
60 6 180
15 6 181
23 6 181
31 6 181
39 6 181
57 6 181
58 6 181
59 6 181
60 6 181
15 6 182
23 6 182
31 6 182
39 6 182
57 6 182
58 6 182
59 6 182
60 6 182
15 6 183
23 6 183
31 6 183
39 6 183
57 6 183
58 6 183
59 6 183
60 6 183
15 6 184
23 6 184
31 6 184
39 6 184
57 6 184
58 6 184
59 6 184
60 6 184
15 6 185
23 6 185
31 6 185
39 6 185
57 6 185
58 6 185
59 6 185
60 6 185
15 6 186
23 6 186
31 6 186
39 6 186
57 6 186
58 6 186
59 6 186
60 6 186
15 6 187
23 6 187
31 6 187
39 6 187
57 6 187
58 6 187
59 6 187
60 6 187
15 6 188
23 6 188
31 6 188
39 6 188
57 6 188
58 6 188
59 6 188
60 6 188
15 6 189
23 6 189
31 6 189
39 6 189
57 6 189
58 6 189
59 6 189
60 6 189
15 6 190
23 6 190
31 6 190
39 6 190
57 6 190
58 6 190
59 6 190
60 6 190
15 6 191
23 6 191
31 6 191
39 6 191
57 6 191
58 6 191
59 6 191
60 6 191
15 6 192
23 6 192
31 6 192
39 6 192
57 6 192
58 6 192
59 6 192
60 6 192
15 8 193
23 8 193
31 8 193
39 8 193
57 8 193
58 8 193
59 8 193
60 8 193
15 8 194
23 8 194
31 8 194
39 8 194
57 8 194
58 8 194
59 8 194
60 8 194
15 8 195
23 8 195
31 8 195
39 8 195
57 8 195
58 8 195
59 8 195
60 8 195
15 8 196
23 8 196
31 8 196
39 8 196
57 8 196
58 8 196
59 8 196
60 8 196
15 8 197
23 8 197
31 8 197
39 8 197
57 8 197
58 8 197
59 8 197
60 8 197
15 8 198
23 8 198
31 8 198
39 8 198
57 8 198
58 8 198
59 8 198
60 8 198
15 8 199
23 8 199
31 8 199
39 8 199
57 8 199
58 8 199
59 8 199
60 8 199
15 8 200
23 8 200
31 8 200
39 8 200
57 8 200
58 8 200
59 8 200
60 8 200
15 8 201
23 8 201
31 8 201
39 8 201
57 8 201
58 8 201
59 8 201
60 8 201
15 8 202
23 8 202
31 8 202
39 8 202
57 8 202
58 8 202
59 8 202
60 8 202
15 8 203
23 8 203
31 8 203
39 8 203
57 8 203
58 8 203
59 8 203
60 8 203
15 8 204
23 8 204
31 8 204
39 8 204
57 8 204
58 8 204
59 8 204
60 8 204
15 8 205
23 8 205
31 8 205
39 8 205
57 8 205
58 8 205
59 8 205
60 8 205
15 8 206
23 8 206
31 8 206
39 8 206
57 8 206
58 8 206
59 8 206
60 8 206
15 8 207
23 8 207
31 8 207
39 8 207
57 8 207
58 8 207
59 8 207
60 8 207
15 8 208
23 8 208
31 8 208
39 8 208
57 8 208
58 8 208
59 8 208
60 8 208
15 8 209
23 8 209
31 8 209
39 8 209
57 8 209
58 8 209
59 8 209
60 8 209
15 8 210
23 8 210
31 8 210
39 8 210
57 8 210
58 8 210
59 8 210
60 8 210
15 8 211
23 8 211
31 8 211
39 8 211
57 8 211
58 8 211
59 8 211
60 8 211
15 8 212
23 8 212
31 8 212
39 8 212
57 8 212
58 8 212
59 8 212
60 8 212
15 8 213
23 8 213
31 8 213
39 8 213
57 8 213
58 8 213
59 8 213
60 8 213
15 8 214
23 8 214
31 8 214
39 8 214
57 8 214
58 8 214
59 8 214
60 8 214
15 8 215
23 8 215
31 8 215
39 8 215
57 8 215
58 8 215
59 8 215
60 8 215
15 8 216
23 8 216
31 8 216
39 8 216
57 8 216
58 8 216
59 8 216
60 8 216
15 8 217
23 8 217
31 8 217
39 8 217
57 8 217
58 8 217
59 8 217
60 8 217
15 8 218
23 8 218
31 8 218
39 8 218
57 8 218
58 8 218
59 8 218
60 8 218
15 8 219
23 8 219
31 8 219
39 8 219
57 8 219
58 8 219
59 8 219
60 8 219
15 8 220
23 8 220
31 8 220
39 8 220
57 8 220
58 8 220
59 8 220
60 8 220
15 8 221
23 8 221
31 8 221
39 8 221
57 8 221
58 8 221
59 8 221
60 8 221
15 8 222
23 8 222
31 8 222
39 8 222
57 8 222
58 8 222
59 8 222
60 8 222
15 8 223
23 8 223
31 8 223
39 8 223
57 8 223
58 8 223
59 8 223
60 8 223
15 8 224
23 8 224
31 8 224
39 8 224
57 8 224
58 8 224
59 8 224
60 8 224
15 8 225
23 8 225
31 8 225
39 8 225
57 8 225
58 8 225
59 8 225
60 8 225
15 8 226
23 8 226
31 8 226
39 8 226
57 8 226
58 8 226
59 8 226
60 8 226
15 8 227
23 8 227
31 8 227
39 8 227
57 8 227
58 8 227
59 8 227
60 8 227
15 8 228
23 8 228
31 8 228
39 8 228
57 8 228
58 8 228
59 8 228
60 8 228
15 8 229
23 8 229
31 8 229
39 8 229
57 8 229
58 8 229
59 8 229
60 8 229
15 8 230
23 8 230
31 8 230
39 8 230
57 8 230
58 8 230
59 8 230
60 8 230
15 8 231
23 8 231
31 8 231
39 8 231
57 8 231
58 8 231
59 8 231
60 8 231
15 8 232
23 8 232
31 8 232
39 8 232
57 8 232
58 8 232
59 8 232
60 8 232
15 8 233
23 8 233
31 8 233
39 8 233
57 8 233
58 8 233
59 8 233
60 8 233
15 8 234
23 8 234
31 8 234
39 8 234
57 8 234
58 8 234
59 8 234
60 8 234
15 8 235
23 8 235
31 8 235
39 8 235
57 8 235
58 8 235
59 8 235
60 8 235
15 8 236
23 8 236
31 8 236
39 8 236
57 8 236
58 8 236
59 8 236
60 8 236
15 8 237
23 8 237
31 8 237
39 8 237
57 8 237
58 8 237
59 8 237
60 8 237
15 8 238
23 8 238
31 8 238
39 8 238
57 8 238
58 8 238
59 8 238
60 8 238
15 8 239
23 8 239
31 8 239
39 8 239
57 8 239
58 8 239
59 8 239
60 8 239
15 8 240
23 8 240
31 8 240
39 8 240
57 8 240
58 8 240
59 8 240
60 8 240
15 16 241
23 16 241
31 16 241
39 16 241
57 16 241
58 16 241
59 16 241
60 16 241
15 16 242
23 16 242
31 16 242
39 16 242
57 16 242
58 16 242
59 16 242
60 16 242
15 16 243
23 16 243
31 16 243
39 16 243
57 16 243
58 16 243
59 16 243
60 16 243
15 16 244
23 16 244
31 16 244
39 16 244
57 16 244
58 16 244
59 16 244
60 16 244
15 16 245
23 16 245
31 16 245
39 16 245
57 16 245
58 16 245
59 16 245
60 16 245
15 16 246
23 16 246
31 16 246
39 16 246
57 16 246
58 16 246
59 16 246
60 16 246
15 16 247
23 16 247
31 16 247
39 16 247
57 16 247
58 16 247
59 16 247
60 16 247
15 16 248
23 16 248
31 16 248
39 16 248
57 16 248
58 16 248
59 16 248
60 16 248
15 16 249
23 16 249
31 16 249
39 16 249
57 16 249
58 16 249
59 16 249
60 16 249
15 16 250
23 16 250
31 16 250
39 16 250
57 16 250
58 16 250
59 16 250
60 16 250
15 16 251
23 16 251
31 16 251
39 16 251
57 16 251
58 16 251
59 16 251
60 16 251
15 16 252
23 16 252
31 16 252
39 16 252
57 16 252
58 16 252
59 16 252
60 16 252
15 16 253
23 16 253
31 16 253
39 16 253
57 16 253
58 16 253
59 16 253
60 16 253
15 16 254
23 16 254
31 16 254
39 16 254
57 16 254
58 16 254
59 16 254
60 16 254
15 16 255
23 16 255
31 16 255
39 16 255
57 16 255
58 16 255
59 16 255
60 16 255
15 16 256
23 16 256
31 16 256
39 16 256
57 16 256
58 16 256
59 16 256
60 16 256
15 16 257
23 16 257
31 16 257
39 16 257
57 16 257
58 16 257
59 16 257
60 16 257
15 16 258
23 16 258
31 16 258
39 16 258
57 16 258
58 16 258
59 16 258
60 16 258
15 16 259
23 16 259
31 16 259
39 16 259
57 16 259
58 16 259
59 16 259
60 16 259
15 16 260
23 16 260
31 16 260
39 16 260
57 16 260
58 16 260
59 16 260
60 16 260
15 16 261
23 16 261
31 16 261
39 16 261
57 16 261
58 16 261
59 16 261
60 16 261
15 16 262
23 16 262
31 16 262
39 16 262
57 16 262
58 16 262
59 16 262
60 16 262
15 16 263
23 16 263
31 16 263
39 16 263
57 16 263
58 16 263
59 16 263
60 16 263
15 16 264
23 16 264
31 16 264
39 16 264
57 16 264
58 16 264
59 16 264
60 16 264
15 16 265
23 16 265
31 16 265
39 16 265
57 16 265
58 16 265
59 16 265
60 16 265
15 16 266
23 16 266
31 16 266
39 16 266
57 16 266
58 16 266
59 16 266
60 16 266
15 16 267
23 16 267
31 16 267
39 16 267
57 16 267
58 16 267
59 16 267
60 16 267
15 16 268
23 16 268
31 16 268
39 16 268
57 16 268
58 16 268
59 16 268
60 16 268
15 16 269
23 16 269
31 16 269
39 16 269
57 16 269
58 16 269
59 16 269
60 16 269
15 16 270
23 16 270
31 16 270
39 16 270
57 16 270
58 16 270
59 16 270
60 16 270
15 16 271
23 16 271
31 16 271
39 16 271
57 16 271
58 16 271
59 16 271
60 16 271
15 16 272
23 16 272
31 16 272
39 16 272
57 16 272
58 16 272
59 16 272
60 16 272
15 16 273
23 16 273
31 16 273
39 16 273
57 16 273
58 16 273
59 16 273
60 16 273
15 16 274
23 16 274
31 16 274
39 16 274
57 16 274
58 16 274
59 16 274
60 16 274
15 16 275
23 16 275
31 16 275
39 16 275
57 16 275
58 16 275
59 16 275
60 16 275
15 16 276
23 16 276
31 16 276
39 16 276
57 16 276
58 16 276
59 16 276
60 16 276
15 16 277
23 16 277
31 16 277
39 16 277
57 16 277
58 16 277
59 16 277
60 16 277
15 16 278
23 16 278
31 16 278
39 16 278
57 16 278
58 16 278
59 16 278
60 16 278
15 16 279
23 16 279
31 16 279
39 16 279
57 16 279
58 16 279
59 16 279
60 16 279
15 16 280
23 16 280
31 16 280
39 16 280
57 16 280
58 16 280
59 16 280
60 16 280
15 16 281
23 16 281
31 16 281
39 16 281
57 16 281
58 16 281
59 16 281
60 16 281
15 16 282
23 16 282
31 16 282
39 16 282
57 16 282
58 16 282
59 16 282
60 16 282
15 16 283
23 16 283
31 16 283
39 16 283
57 16 283
58 16 283
59 16 283
60 16 283
15 16 284
23 16 284
31 16 284
39 16 284
57 16 284
58 16 284
59 16 284
60 16 284
15 16 285
23 16 285
31 16 285
39 16 285
57 16 285
58 16 285
59 16 285
60 16 285
15 16 286
23 16 286
31 16 286
39 16 286
57 16 286
58 16 286
59 16 286
60 16 286
15 16 287
23 16 287
31 16 287
39 16 287
57 16 287
58 16 287
59 16 287
60 16 287
15 16 288
23 16 288
31 16 288
39 16 288
57 16 288
58 16 288
59 16 288
60 16 288
15 24 289
23 24 289
31 24 289
39 24 289
57 24 289
58 24 289
59 24 289
60 24 289
15 24 290
23 24 290
31 24 290
39 24 290
57 24 290
58 24 290
59 24 290
60 24 290
15 24 291
23 24 291
31 24 291
39 24 291
57 24 291
58 24 291
59 24 291
60 24 291
15 24 292
23 24 292
31 24 292
39 24 292
57 24 292
58 24 292
59 24 292
60 24 292
15 24 293
23 24 293
31 24 293
39 24 293
57 24 293
58 24 293
59 24 293
60 24 293
15 24 294
23 24 294
31 24 294
39 24 294
57 24 294
58 24 294
59 24 294
60 24 294
15 24 295
23 24 295
31 24 295
39 24 295
57 24 295
58 24 295
59 24 295
60 24 295
15 24 296
23 24 296
31 24 296
39 24 296
57 24 296
58 24 296
59 24 296
60 24 296
15 24 297
23 24 297
31 24 297
39 24 297
57 24 297
58 24 297
59 24 297
60 24 297
15 24 298
23 24 298
31 24 298
39 24 298
57 24 298
58 24 298
59 24 298
60 24 298
15 24 299
23 24 299
31 24 299
39 24 299
57 24 299
58 24 299
59 24 299
60 24 299
15 24 300
23 24 300
31 24 300
39 24 300
57 24 300
58 24 300
59 24 300
60 24 300
15 24 301
23 24 301
31 24 301
39 24 301
57 24 301
58 24 301
59 24 301
60 24 301
15 24 302
23 24 302
31 24 302
39 24 302
57 24 302
58 24 302
59 24 302
60 24 302
15 24 303
23 24 303
31 24 303
39 24 303
57 24 303
58 24 303
59 24 303
60 24 303
15 24 304
23 24 304
31 24 304
39 24 304
57 24 304
58 24 304
59 24 304
60 24 304
15 24 305
23 24 305
31 24 305
39 24 305
57 24 305
58 24 305
59 24 305
60 24 305
15 24 306
23 24 306
31 24 306
39 24 306
57 24 306
58 24 306
59 24 306
60 24 306
15 24 307
23 24 307
31 24 307
39 24 307
57 24 307
58 24 307
59 24 307
60 24 307
15 24 308
23 24 308
31 24 308
39 24 308
57 24 308
58 24 308
59 24 308
60 24 308
15 24 309
23 24 309
31 24 309
39 24 309
57 24 309
58 24 309
59 24 309
60 24 309
15 24 310
23 24 310
31 24 310
39 24 310
57 24 310
58 24 310
59 24 310
60 24 310
15 24 311
23 24 311
31 24 311
39 24 311
57 24 311
58 24 311
59 24 311
60 24 311
15 24 312
23 24 312
31 24 312
39 24 312
57 24 312
58 24 312
59 24 312
60 24 312
15 24 313
23 24 313
31 24 313
39 24 313
57 24 313
58 24 313
59 24 313
60 24 313
15 24 314
23 24 314
31 24 314
39 24 314
57 24 314
58 24 314
59 24 314
60 24 314
15 24 315
23 24 315
31 24 315
39 24 315
57 24 315
58 24 315
59 24 315
60 24 315
15 24 316
23 24 316
31 24 316
39 24 316
57 24 316
58 24 316
59 24 316
60 24 316
15 24 317
23 24 317
31 24 317
39 24 317
57 24 317
58 24 317
59 24 317
60 24 317
15 24 318
23 24 318
31 24 318
39 24 318
57 24 318
58 24 318
59 24 318
60 24 318
15 24 319
23 24 319
31 24 319
39 24 319
57 24 319
58 24 319
59 24 319
60 24 319
15 24 320
23 24 320
31 24 320
39 24 320
57 24 320
58 24 320
59 24 320
60 24 320
15 24 321
23 24 321
31 24 321
39 24 321
57 24 321
58 24 321
59 24 321
60 24 321
15 24 322
23 24 322
31 24 322
39 24 322
57 24 322
58 24 322
59 24 322
60 24 322
15 24 323
23 24 323
31 24 323
39 24 323
57 24 323
58 24 323
59 24 323
60 24 323
15 24 324
23 24 324
31 24 324
39 24 324
57 24 324
58 24 324
59 24 324
60 24 324
15 24 325
23 24 325
31 24 325
39 24 325
57 24 325
58 24 325
59 24 325
60 24 325
15 24 326
23 24 326
31 24 326
39 24 326
57 24 326
58 24 326
59 24 326
60 24 326
15 24 327
23 24 327
31 24 327
39 24 327
57 24 327
58 24 327
59 24 327
60 24 327
15 24 328
23 24 328
31 24 328
39 24 328
57 24 328
58 24 328
59 24 328
60 24 328
15 24 329
23 24 329
31 24 329
39 24 329
57 24 329
58 24 329
59 24 329
60 24 329
15 24 330
23 24 330
31 24 330
39 24 330
57 24 330
58 24 330
59 24 330
60 24 330
15 24 331
23 24 331
31 24 331
39 24 331
57 24 331
58 24 331
59 24 331
60 24 331
15 24 332
23 24 332
31 24 332
39 24 332
57 24 332
58 24 332
59 24 332
60 24 332
15 24 333
23 24 333
31 24 333
39 24 333
57 24 333
58 24 333
59 24 333
60 24 333
15 24 334
23 24 334
31 24 334
39 24 334
57 24 334
58 24 334
59 24 334
60 24 334
15 24 335
23 24 335
31 24 335
39 24 335
57 24 335
58 24 335
59 24 335
60 24 335
15 24 336
23 24 336
31 24 336
39 24 336
57 24 336
58 24 336
59 24 336
60 24 336
15 32 337
23 32 337
31 32 337
39 32 337
57 32 337
58 32 337
59 32 337
60 32 337
15 32 338
23 32 338
31 32 338
39 32 338
57 32 338
58 32 338
59 32 338
60 32 338
15 32 339
23 32 339
31 32 339
39 32 339
57 32 339
58 32 339
59 32 339
60 32 339
15 32 340
23 32 340
31 32 340
39 32 340
57 32 340
58 32 340
59 32 340
60 32 340
15 32 341
23 32 341
31 32 341
39 32 341
57 32 341
58 32 341
59 32 341
60 32 341
15 32 342
23 32 342
31 32 342
39 32 342
57 32 342
58 32 342
59 32 342
60 32 342
15 32 343
23 32 343
31 32 343
39 32 343
57 32 343
58 32 343
59 32 343
60 32 343
15 32 344
23 32 344
31 32 344
39 32 344
57 32 344
58 32 344
59 32 344
60 32 344
15 32 345
23 32 345
31 32 345
39 32 345
57 32 345
58 32 345
59 32 345
60 32 345
15 32 346
23 32 346
31 32 346
39 32 346
57 32 346
58 32 346
59 32 346
60 32 346
15 32 347
23 32 347
31 32 347
39 32 347
57 32 347
58 32 347
59 32 347
60 32 347
15 32 348
23 32 348
31 32 348
39 32 348
57 32 348
58 32 348
59 32 348
60 32 348
15 32 349
23 32 349
31 32 349
39 32 349
57 32 349
58 32 349
59 32 349
60 32 349
15 32 350
23 32 350
31 32 350
39 32 350
57 32 350
58 32 350
59 32 350
60 32 350
15 32 351
23 32 351
31 32 351
39 32 351
57 32 351
58 32 351
59 32 351
60 32 351
15 32 352
23 32 352
31 32 352
39 32 352
57 32 352
58 32 352
59 32 352
60 32 352
15 32 353
23 32 353
31 32 353
39 32 353
57 32 353
58 32 353
59 32 353
60 32 353
15 32 354
23 32 354
31 32 354
39 32 354
57 32 354
58 32 354
59 32 354
60 32 354
15 32 355
23 32 355
31 32 355
39 32 355
57 32 355
58 32 355
59 32 355
60 32 355
15 32 356
23 32 356
31 32 356
39 32 356
57 32 356
58 32 356
59 32 356
60 32 356
15 32 357
23 32 357
31 32 357
39 32 357
57 32 357
58 32 357
59 32 357
60 32 357
15 32 358
23 32 358
31 32 358
39 32 358
57 32 358
58 32 358
59 32 358
60 32 358
15 32 359
23 32 359
31 32 359
39 32 359
57 32 359
58 32 359
59 32 359
60 32 359
15 32 360
23 32 360
31 32 360
39 32 360
57 32 360
58 32 360
59 32 360
60 32 360
15 32 361
23 32 361
31 32 361
39 32 361
57 32 361
58 32 361
59 32 361
60 32 361
15 32 362
23 32 362
31 32 362
39 32 362
57 32 362
58 32 362
59 32 362
60 32 362
15 32 363
23 32 363
31 32 363
39 32 363
57 32 363
58 32 363
59 32 363
60 32 363
15 32 364
23 32 364
31 32 364
39 32 364
57 32 364
58 32 364
59 32 364
60 32 364
15 32 365
23 32 365
31 32 365
39 32 365
57 32 365
58 32 365
59 32 365
60 32 365
15 32 366
23 32 366
31 32 366
39 32 366
57 32 366
58 32 366
59 32 366
60 32 366
15 32 367
23 32 367
31 32 367
39 32 367
57 32 367
58 32 367
59 32 367
60 32 367
15 32 368
23 32 368
31 32 368
39 32 368
57 32 368
58 32 368
59 32 368
60 32 368
15 32 369
23 32 369
31 32 369
39 32 369
57 32 369
58 32 369
59 32 369
60 32 369
15 32 370
23 32 370
31 32 370
39 32 370
57 32 370
58 32 370
59 32 370
60 32 370
15 32 371
23 32 371
31 32 371
39 32 371
57 32 371
58 32 371
59 32 371
60 32 371
15 32 372
23 32 372
31 32 372
39 32 372
57 32 372
58 32 372
59 32 372
60 32 372
15 32 373
23 32 373
31 32 373
39 32 373
57 32 373
58 32 373
59 32 373
60 32 373
15 32 374
23 32 374
31 32 374
39 32 374
57 32 374
58 32 374
59 32 374
60 32 374
15 32 375
23 32 375
31 32 375
39 32 375
57 32 375
58 32 375
59 32 375
60 32 375
15 32 376
23 32 376
31 32 376
39 32 376
57 32 376
58 32 376
59 32 376
60 32 376
15 32 377
23 32 377
31 32 377
39 32 377
57 32 377
58 32 377
59 32 377
60 32 377
15 32 378
23 32 378
31 32 378
39 32 378
57 32 378
58 32 378
59 32 378
60 32 378
15 32 379
23 32 379
31 32 379
39 32 379
57 32 379
58 32 379
59 32 379
60 32 379
15 32 380
23 32 380
31 32 380
39 32 380
57 32 380
58 32 380
59 32 380
60 32 380
15 32 381
23 32 381
31 32 381
39 32 381
57 32 381
58 32 381
59 32 381
60 32 381
15 32 382
23 32 382
31 32 382
39 32 382
57 32 382
58 32 382
59 32 382
60 32 382
15 32 383
23 32 383
31 32 383
39 32 383
57 32 383
58 32 383
59 32 383
60 32 383
15 32 384
23 32 384
31 32 384
39 32 384
57 32 384
58 32 384
59 32 384
60 32 384
