21 2 1
22 2 1
25 2 1
26 2 1
27 2 1
28 2 1
29 2 1
30 2 1
33 2 1
34 2 1
35 2 1
36 2 1
37 2 1
38 2 1
41 2 1
42 2 1
23 2 1
31 2 1
39 2 1
47 2 1
58 2 1
59 2 1
60 2 1
61 2 1
21 3 2
22 3 2
25 3 2
26 3 2
27 3 2
28 3 2
29 3 2
30 3 2
33 3 2
34 3 2
35 3 2
36 3 2
37 3 2
38 3 2
41 3 2
42 3 2
23 2 2
31 2 2
39 2 2
47 2 2
58 2 2
59 2 2
60 2 2
61 2 2
21 4 3
22 4 3
25 4 3
26 4 3
27 4 3
28 4 3
29 4 3
30 4 3
33 4 3
34 4 3
35 4 3
36 4 3
37 4 3
38 4 3
41 4 3
42 4 3
23 2 3
31 2 3
39 2 3
47 2 3
58 2 3
59 2 3
60 2 3
61 2 3
21 5 4
22 5 4
25 5 4
26 5 4
27 5 4
28 5 4
29 5 4
30 5 4
33 5 4
34 5 4
35 5 4
36 5 4
37 5 4
38 5 4
41 5 4
42 5 4
23 2 4
31 2 4
39 2 4
47 2 4
58 2 4
59 2 4
60 2 4
61 2 4
21 24 5
22 24 5
25 24 5
26 24 5
27 24 5
28 24 5
29 24 5
30 24 5
33 24 5
34 24 5
35 24 5
36 24 5
37 24 5
38 24 5
41 24 5
42 24 5
23 2 5
31 2 5
39 2 5
47 2 5
58 2 5
59 2 5
60 2 5
61 2 5
21 32 6
22 32 6
25 32 6
26 32 6
27 32 6
28 32 6
29 32 6
30 32 6
33 32 6
34 32 6
35 32 6
36 32 6
37 32 6
38 32 6
41 32 6
42 32 6
23 2 6
31 2 6
39 2 6
47 2 6
58 2 6
59 2 6
60 2 6
61 2 6
21 40 7
22 40 7
25 40 7
26 40 7
27 40 7
28 40 7
29 40 7
30 40 7
33 40 7
34 40 7
35 40 7
36 40 7
37 40 7
38 40 7
41 40 7
42 40 7
23 2 7
31 2 7
39 2 7
47 2 7
58 2 7
59 2 7
60 2 7
61 2 7
21 48 8
22 48 8
25 48 8
26 48 8
27 48 8
28 48 8
29 48 8
30 48 8
33 48 8
34 48 8
35 48 8
36 48 8
37 48 8
38 48 8
41 48 8
42 48 8
23 2 8
31 2 8
39 2 8
47 2 8
58 2 8
59 2 8
60 2 8
61 2 8
21 23 9
22 23 9
25 23 9
26 23 9
27 23 9
28 23 9
29 23 9
30 23 9
33 23 9
34 23 9
35 23 9
36 23 9
37 23 9
38 23 9
41 23 9
42 23 9
23 2 9
31 2 9
39 2 9
47 2 9
58 2 9
59 2 9
60 2 9
61 2 9
21 23 10
22 23 10
25 23 10
26 23 10
27 23 10
28 23 10
29 23 10
30 23 10
33 23 10
34 23 10
35 23 10
36 23 10
37 23 10
38 23 10
41 23 10
42 23 10
23 2 10
31 2 10
39 2 10
47 2 10
58 2 10
59 2 10
60 2 10
61 2 10
21 23 11
22 23 11
25 23 11
26 23 11
27 23 11
28 23 11
29 23 11
30 23 11
33 23 11
34 23 11
35 23 11
36 23 11
37 23 11
38 23 11
41 23 11
42 23 11
23 2 11
31 2 11
39 2 11
47 2 11
58 2 11
59 2 11
60 2 11
61 2 11
21 31 12
22 31 12
25 31 12
26 31 12
27 31 12
28 31 12
29 31 12
30 31 12
33 31 12
34 31 12
35 31 12
36 31 12
37 31 12
38 31 12
41 31 12
42 31 12
23 2 12
31 2 12
39 2 12
47 2 12
58 2 12
59 2 12
60 2 12
61 2 12
21 31 13
22 31 13
25 31 13
26 31 13
27 31 13
28 31 13
29 31 13
30 31 13
33 31 13
34 31 13
35 31 13
36 31 13
37 31 13
38 31 13
41 31 13
42 31 13
23 2 13
31 2 13
39 2 13
47 2 13
58 2 13
59 2 13
60 2 13
61 2 13
21 31 14
22 31 14
25 31 14
26 31 14
27 31 14
28 31 14
29 31 14
30 31 14
33 31 14
34 31 14
35 31 14
36 31 14
37 31 14
38 31 14
41 31 14
42 31 14
23 2 14
31 2 14
39 2 14
47 2 14
58 2 14
59 2 14
60 2 14
61 2 14
21 39 15
22 39 15
25 39 15
26 39 15
27 39 15
28 39 15
29 39 15
30 39 15
33 39 15
34 39 15
35 39 15
36 39 15
37 39 15
38 39 15
41 39 15
42 39 15
23 2 15
31 2 15
39 2 15
47 2 15
58 2 15
59 2 15
60 2 15
61 2 15
21 39 16
22 39 16
25 39 16
26 39 16
27 39 16
28 39 16
29 39 16
30 39 16
33 39 16
34 39 16
35 39 16
36 39 16
37 39 16
38 39 16
41 39 16
42 39 16
23 2 16
31 2 16
39 2 16
47 2 16
58 2 16
59 2 16
60 2 16
61 2 16
21 39 17
22 39 17
25 39 17
26 39 17
27 39 17
28 39 17
29 39 17
30 39 17
33 39 17
34 39 17
35 39 17
36 39 17
37 39 17
38 39 17
41 39 17
42 39 17
23 2 17
31 2 17
39 2 17
47 2 17
58 2 17
59 2 17
60 2 17
61 2 17
21 47 18
22 47 18
25 47 18
26 47 18
27 47 18
28 47 18
29 47 18
30 47 18
33 47 18
34 47 18
35 47 18
36 47 18
37 47 18
38 47 18
41 47 18
42 47 18
23 2 18
31 2 18
39 2 18
47 2 18
58 2 18
59 2 18
60 2 18
61 2 18
21 47 19
22 47 19
25 47 19
26 47 19
27 47 19
28 47 19
29 47 19
30 47 19
33 47 19
34 47 19
35 47 19
36 47 19
37 47 19
38 47 19
41 47 19
42 47 19
23 2 19
31 2 19
39 2 19
47 2 19
58 2 19
59 2 19
60 2 19
61 2 19
21 47 20
22 47 20
25 47 20
26 47 20
27 47 20
28 47 20
29 47 20
30 47 20
33 47 20
34 47 20
35 47 20
36 47 20
37 47 20
38 47 20
41 47 20
42 47 20
23 2 20
31 2 20
39 2 20
47 2 20
58 2 20
59 2 20
60 2 20
61 2 20
21 58 21
22 58 21
25 58 21
26 58 21
27 58 21
28 58 21
29 58 21
30 58 21
33 58 21
34 58 21
35 58 21
36 58 21
37 58 21
38 58 21
41 58 21
42 58 21
23 2 21
31 2 21
39 2 21
47 2 21
58 2 21
59 2 21
60 2 21
61 2 21
21 58 22
22 58 22
25 58 22
26 58 22
27 58 22
28 58 22
29 58 22
30 58 22
33 58 22
34 58 22
35 58 22
36 58 22
37 58 22
38 58 22
41 58 22
42 58 22
23 2 22
31 2 22
39 2 22
47 2 22
58 2 22
59 2 22
60 2 22
61 2 22
21 58 23
22 58 23
25 58 23
26 58 23
27 58 23
28 58 23
29 58 23
30 58 23
33 58 23
34 58 23
35 58 23
36 58 23
37 58 23
38 58 23
41 58 23
42 58 23
23 2 23
31 2 23
39 2 23
47 2 23
58 2 23
59 2 23
60 2 23
61 2 23
21 59 24
22 59 24
25 59 24
26 59 24
27 59 24
28 59 24
29 59 24
30 59 24
33 59 24
34 59 24
35 59 24
36 59 24
37 59 24
38 59 24
41 59 24
42 59 24
23 2 24
31 2 24
39 2 24
47 2 24
58 2 24
59 2 24
60 2 24
61 2 24
21 59 25
22 59 25
25 59 25
26 59 25
27 59 25
28 59 25
29 59 25
30 59 25
33 59 25
34 59 25
35 59 25
36 59 25
37 59 25
38 59 25
41 59 25
42 59 25
23 2 25
31 2 25
39 2 25
47 2 25
58 2 25
59 2 25
60 2 25
61 2 25
21 59 26
22 59 26
25 59 26
26 59 26
27 59 26
28 59 26
29 59 26
30 59 26
33 59 26
34 59 26
35 59 26
36 59 26
37 59 26
38 59 26
41 59 26
42 59 26
23 2 26
31 2 26
39 2 26
47 2 26
58 2 26
59 2 26
60 2 26
61 2 26
21 60 27
22 60 27
25 60 27
26 60 27
27 60 27
28 60 27
29 60 27
30 60 27
33 60 27
34 60 27
35 60 27
36 60 27
37 60 27
38 60 27
41 60 27
42 60 27
23 2 27
31 2 27
39 2 27
47 2 27
58 2 27
59 2 27
60 2 27
61 2 27
21 60 28
22 60 28
25 60 28
26 60 28
27 60 28
28 60 28
29 60 28
30 60 28
33 60 28
34 60 28
35 60 28
36 60 28
37 60 28
38 60 28
41 60 28
42 60 28
23 2 28
31 2 28
39 2 28
47 2 28
58 2 28
59 2 28
60 2 28
61 2 28
21 60 29
22 60 29
25 60 29
26 60 29
27 60 29
28 60 29
29 60 29
30 60 29
33 60 29
34 60 29
35 60 29
36 60 29
37 60 29
38 60 29
41 60 29
42 60 29
23 2 29
31 2 29
39 2 29
47 2 29
58 2 29
59 2 29
60 2 29
61 2 29
21 61 30
22 61 30
25 61 30
26 61 30
27 61 30
28 61 30
29 61 30
30 61 30
33 61 30
34 61 30
35 61 30
36 61 30
37 61 30
38 61 30
41 61 30
42 61 30
23 2 30
31 2 30
39 2 30
47 2 30
58 2 30
59 2 30
60 2 30
61 2 30
21 61 31
22 61 31
25 61 31
26 61 31
27 61 31
28 61 31
29 61 31
30 61 31
33 61 31
34 61 31
35 61 31
36 61 31
37 61 31
38 61 31
41 61 31
42 61 31
23 2 31
31 2 31
39 2 31
47 2 31
58 2 31
59 2 31
60 2 31
61 2 31
21 61 32
22 61 32
25 61 32
26 61 32
27 61 32
28 61 32
29 61 32
30 61 32
33 61 32
34 61 32
35 61 32
36 61 32
37 61 32
38 61 32
41 61 32
42 61 32
23 2 32
31 2 32
39 2 32
47 2 32
58 2 32
59 2 32
60 2 32
61 2 32
23 2 33
31 2 33
39 2 33
47 2 33
58 2 33
59 2 33
60 2 33
61 2 33
23 2 34
31 2 34
39 2 34
47 2 34
58 2 34
59 2 34
60 2 34
61 2 34
23 2 35
31 2 35
39 2 35
47 2 35
58 2 35
59 2 35
60 2 35
61 2 35
23 2 36
31 2 36
39 2 36
47 2 36
58 2 36
59 2 36
60 2 36
61 2 36
23 2 37
31 2 37
39 2 37
47 2 37
58 2 37
59 2 37
60 2 37
61 2 37
23 2 38
31 2 38
39 2 38
47 2 38
58 2 38
59 2 38
60 2 38
61 2 38
23 2 39
31 2 39
39 2 39
47 2 39
58 2 39
59 2 39
60 2 39
61 2 39
23 2 40
31 2 40
39 2 40
47 2 40
58 2 40
59 2 40
60 2 40
61 2 40
23 2 41
31 2 41
39 2 41
47 2 41
58 2 41
59 2 41
60 2 41
61 2 41
23 2 42
31 2 42
39 2 42
47 2 42
58 2 42
59 2 42
60 2 42
61 2 42
23 2 43
31 2 43
39 2 43
47 2 43
58 2 43
59 2 43
60 2 43
61 2 43
23 2 44
31 2 44
39 2 44
47 2 44
58 2 44
59 2 44
60 2 44
61 2 44
23 2 45
31 2 45
39 2 45
47 2 45
58 2 45
59 2 45
60 2 45
61 2 45
23 2 46
31 2 46
39 2 46
47 2 46
58 2 46
59 2 46
60 2 46
61 2 46
23 2 47
31 2 47
39 2 47
47 2 47
58 2 47
59 2 47
60 2 47
61 2 47
23 2 48
31 2 48
39 2 48
47 2 48
58 2 48
59 2 48
60 2 48
61 2 48
23 3 49
31 3 49
39 3 49
47 3 49
58 3 49
59 3 49
60 3 49
61 3 49
23 3 50
31 3 50
39 3 50
47 3 50
58 3 50
59 3 50
60 3 50
61 3 50
23 3 51
31 3 51
39 3 51
47 3 51
58 3 51
59 3 51
60 3 51
61 3 51
23 3 52
31 3 52
39 3 52
47 3 52
58 3 52
59 3 52
60 3 52
61 3 52
23 3 53
31 3 53
39 3 53
47 3 53
58 3 53
59 3 53
60 3 53
61 3 53
23 3 54
31 3 54
39 3 54
47 3 54
58 3 54
59 3 54
60 3 54
61 3 54
23 3 55
31 3 55
39 3 55
47 3 55
58 3 55
59 3 55
60 3 55
61 3 55
23 3 56
31 3 56
39 3 56
47 3 56
58 3 56
59 3 56
60 3 56
61 3 56
23 3 57
31 3 57
39 3 57
47 3 57
58 3 57
59 3 57
60 3 57
61 3 57
23 3 58
31 3 58
39 3 58
47 3 58
58 3 58
59 3 58
60 3 58
61 3 58
23 3 59
31 3 59
39 3 59
47 3 59
58 3 59
59 3 59
60 3 59
61 3 59
23 3 60
31 3 60
39 3 60
47 3 60
58 3 60
59 3 60
60 3 60
61 3 60
23 3 61
31 3 61
39 3 61
47 3 61
58 3 61
59 3 61
60 3 61
61 3 61
23 3 62
31 3 62
39 3 62
47 3 62
58 3 62
59 3 62
60 3 62
61 3 62
23 3 63
31 3 63
39 3 63
47 3 63
58 3 63
59 3 63
60 3 63
61 3 63
23 3 64
31 3 64
39 3 64
47 3 64
58 3 64
59 3 64
60 3 64
61 3 64
23 3 65
31 3 65
39 3 65
47 3 65
58 3 65
59 3 65
60 3 65
61 3 65
23 3 66
31 3 66
39 3 66
47 3 66
58 3 66
59 3 66
60 3 66
61 3 66
23 3 67
31 3 67
39 3 67
47 3 67
58 3 67
59 3 67
60 3 67
61 3 67
23 3 68
31 3 68
39 3 68
47 3 68
58 3 68
59 3 68
60 3 68
61 3 68
23 3 69
31 3 69
39 3 69
47 3 69
58 3 69
59 3 69
60 3 69
61 3 69
23 3 70
31 3 70
39 3 70
47 3 70
58 3 70
59 3 70
60 3 70
61 3 70
23 3 71
31 3 71
39 3 71
47 3 71
58 3 71
59 3 71
60 3 71
61 3 71
23 3 72
31 3 72
39 3 72
47 3 72
58 3 72
59 3 72
60 3 72
61 3 72
23 3 73
31 3 73
39 3 73
47 3 73
58 3 73
59 3 73
60 3 73
61 3 73
23 3 74
31 3 74
39 3 74
47 3 74
58 3 74
59 3 74
60 3 74
61 3 74
23 3 75
31 3 75
39 3 75
47 3 75
58 3 75
59 3 75
60 3 75
61 3 75
23 3 76
31 3 76
39 3 76
47 3 76
58 3 76
59 3 76
60 3 76
61 3 76
23 3 77
31 3 77
39 3 77
47 3 77
58 3 77
59 3 77
60 3 77
61 3 77
23 3 78
31 3 78
39 3 78
47 3 78
58 3 78
59 3 78
60 3 78
61 3 78
23 3 79
31 3 79
39 3 79
47 3 79
58 3 79
59 3 79
60 3 79
61 3 79
23 3 80
31 3 80
39 3 80
47 3 80
58 3 80
59 3 80
60 3 80
61 3 80
23 3 81
31 3 81
39 3 81
47 3 81
58 3 81
59 3 81
60 3 81
61 3 81
23 3 82
31 3 82
39 3 82
47 3 82
58 3 82
59 3 82
60 3 82
61 3 82
23 3 83
31 3 83
39 3 83
47 3 83
58 3 83
59 3 83
60 3 83
61 3 83
23 3 84
31 3 84
39 3 84
47 3 84
58 3 84
59 3 84
60 3 84
61 3 84
23 3 85
31 3 85
39 3 85
47 3 85
58 3 85
59 3 85
60 3 85
61 3 85
23 3 86
31 3 86
39 3 86
47 3 86
58 3 86
59 3 86
60 3 86
61 3 86
23 3 87
31 3 87
39 3 87
47 3 87
58 3 87
59 3 87
60 3 87
61 3 87
23 3 88
31 3 88
39 3 88
47 3 88
58 3 88
59 3 88
60 3 88
61 3 88
23 3 89
31 3 89
39 3 89
47 3 89
58 3 89
59 3 89
60 3 89
61 3 89
23 3 90
31 3 90
39 3 90
47 3 90
58 3 90
59 3 90
60 3 90
61 3 90
23 3 91
31 3 91
39 3 91
47 3 91
58 3 91
59 3 91
60 3 91
61 3 91
23 3 92
31 3 92
39 3 92
47 3 92
58 3 92
59 3 92
60 3 92
61 3 92
23 3 93
31 3 93
39 3 93
47 3 93
58 3 93
59 3 93
60 3 93
61 3 93
23 3 94
31 3 94
39 3 94
47 3 94
58 3 94
59 3 94
60 3 94
61 3 94
23 3 95
31 3 95
39 3 95
47 3 95
58 3 95
59 3 95
60 3 95
61 3 95
23 3 96
31 3 96
39 3 96
47 3 96
58 3 96
59 3 96
60 3 96
61 3 96
23 4 97
31 4 97
39 4 97
47 4 97
58 4 97
59 4 97
60 4 97
61 4 97
23 4 98
31 4 98
39 4 98
47 4 98
58 4 98
59 4 98
60 4 98
61 4 98
23 4 99
31 4 99
39 4 99
47 4 99
58 4 99
59 4 99
60 4 99
61 4 99
23 4 100
31 4 100
39 4 100
47 4 100
58 4 100
59 4 100
60 4 100
61 4 100
23 4 101
31 4 101
39 4 101
47 4 101
58 4 101
59 4 101
60 4 101
61 4 101
23 4 102
31 4 102
39 4 102
47 4 102
58 4 102
59 4 102
60 4 102
61 4 102
23 4 103
31 4 103
39 4 103
47 4 103
58 4 103
59 4 103
60 4 103
61 4 103
23 4 104
31 4 104
39 4 104
47 4 104
58 4 104
59 4 104
60 4 104
61 4 104
23 4 105
31 4 105
39 4 105
47 4 105
58 4 105
59 4 105
60 4 105
61 4 105
23 4 106
31 4 106
39 4 106
47 4 106
58 4 106
59 4 106
60 4 106
61 4 106
23 4 107
31 4 107
39 4 107
47 4 107
58 4 107
59 4 107
60 4 107
61 4 107
23 4 108
31 4 108
39 4 108
47 4 108
58 4 108
59 4 108
60 4 108
61 4 108
23 4 109
31 4 109
39 4 109
47 4 109
58 4 109
59 4 109
60 4 109
61 4 109
23 4 110
31 4 110
39 4 110
47 4 110
58 4 110
59 4 110
60 4 110
61 4 110
23 4 111
31 4 111
39 4 111
47 4 111
58 4 111
59 4 111
60 4 111
61 4 111
23 4 112
31 4 112
39 4 112
47 4 112
58 4 112
59 4 112
60 4 112
61 4 112
23 4 113
31 4 113
39 4 113
47 4 113
58 4 113
59 4 113
60 4 113
61 4 113
23 4 114
31 4 114
39 4 114
47 4 114
58 4 114
59 4 114
60 4 114
61 4 114
23 4 115
31 4 115
39 4 115
47 4 115
58 4 115
59 4 115
60 4 115
61 4 115
23 4 116
31 4 116
39 4 116
47 4 116
58 4 116
59 4 116
60 4 116
61 4 116
23 4 117
31 4 117
39 4 117
47 4 117
58 4 117
59 4 117
60 4 117
61 4 117
23 4 118
31 4 118
39 4 118
47 4 118
58 4 118
59 4 118
60 4 118
61 4 118
23 4 119
31 4 119
39 4 119
47 4 119
58 4 119
59 4 119
60 4 119
61 4 119
23 4 120
31 4 120
39 4 120
47 4 120
58 4 120
59 4 120
60 4 120
61 4 120
23 4 121
31 4 121
39 4 121
47 4 121
58 4 121
59 4 121
60 4 121
61 4 121
23 4 122
31 4 122
39 4 122
47 4 122
58 4 122
59 4 122
60 4 122
61 4 122
23 4 123
31 4 123
39 4 123
47 4 123
58 4 123
59 4 123
60 4 123
61 4 123
23 4 124
31 4 124
39 4 124
47 4 124
58 4 124
59 4 124
60 4 124
61 4 124
23 4 125
31 4 125
39 4 125
47 4 125
58 4 125
59 4 125
60 4 125
61 4 125
23 4 126
31 4 126
39 4 126
47 4 126
58 4 126
59 4 126
60 4 126
61 4 126
23 4 127
31 4 127
39 4 127
47 4 127
58 4 127
59 4 127
60 4 127
61 4 127
23 4 128
31 4 128
39 4 128
47 4 128
58 4 128
59 4 128
60 4 128
61 4 128
23 4 129
31 4 129
39 4 129
47 4 129
58 4 129
59 4 129
60 4 129
61 4 129
23 4 130
31 4 130
39 4 130
47 4 130
58 4 130
59 4 130
60 4 130
61 4 130
23 4 131
31 4 131
39 4 131
47 4 131
58 4 131
59 4 131
60 4 131
61 4 131
23 4 132
31 4 132
39 4 132
47 4 132
58 4 132
59 4 132
60 4 132
61 4 132
23 4 133
31 4 133
39 4 133
47 4 133
58 4 133
59 4 133
60 4 133
61 4 133
23 4 134
31 4 134
39 4 134
47 4 134
58 4 134
59 4 134
60 4 134
61 4 134
23 4 135
31 4 135
39 4 135
47 4 135
58 4 135
59 4 135
60 4 135
61 4 135
23 4 136
31 4 136
39 4 136
47 4 136
58 4 136
59 4 136
60 4 136
61 4 136
23 4 137
31 4 137
39 4 137
47 4 137
58 4 137
59 4 137
60 4 137
61 4 137
23 4 138
31 4 138
39 4 138
47 4 138
58 4 138
59 4 138
60 4 138
61 4 138
23 4 139
31 4 139
39 4 139
47 4 139
58 4 139
59 4 139
60 4 139
61 4 139
23 4 140
31 4 140
39 4 140
47 4 140
58 4 140
59 4 140
60 4 140
61 4 140
23 4 141
31 4 141
39 4 141
47 4 141
58 4 141
59 4 141
60 4 141
61 4 141
23 4 142
31 4 142
39 4 142
47 4 142
58 4 142
59 4 142
60 4 142
61 4 142
23 4 143
31 4 143
39 4 143
47 4 143
58 4 143
59 4 143
60 4 143
61 4 143
23 4 144
31 4 144
39 4 144
47 4 144
58 4 144
59 4 144
60 4 144
61 4 144
23 5 145
31 5 145
39 5 145
47 5 145
58 5 145
59 5 145
60 5 145
61 5 145
23 5 146
31 5 146
39 5 146
47 5 146
58 5 146
59 5 146
60 5 146
61 5 146
23 5 147
31 5 147
39 5 147
47 5 147
58 5 147
59 5 147
60 5 147
61 5 147
23 5 148
31 5 148
39 5 148
47 5 148
58 5 148
59 5 148
60 5 148
61 5 148
23 5 149
31 5 149
39 5 149
47 5 149
58 5 149
59 5 149
60 5 149
61 5 149
23 5 150
31 5 150
39 5 150
47 5 150
58 5 150
59 5 150
60 5 150
61 5 150
23 5 151
31 5 151
39 5 151
47 5 151
58 5 151
59 5 151
60 5 151
61 5 151
23 5 152
31 5 152
39 5 152
47 5 152
58 5 152
59 5 152
60 5 152
61 5 152
23 5 153
31 5 153
39 5 153
47 5 153
58 5 153
59 5 153
60 5 153
61 5 153
23 5 154
31 5 154
39 5 154
47 5 154
58 5 154
59 5 154
60 5 154
61 5 154
23 5 155
31 5 155
39 5 155
47 5 155
58 5 155
59 5 155
60 5 155
61 5 155
23 5 156
31 5 156
39 5 156
47 5 156
58 5 156
59 5 156
60 5 156
61 5 156
23 5 157
31 5 157
39 5 157
47 5 157
58 5 157
59 5 157
60 5 157
61 5 157
23 5 158
31 5 158
39 5 158
47 5 158
58 5 158
59 5 158
60 5 158
61 5 158
23 5 159
31 5 159
39 5 159
47 5 159
58 5 159
59 5 159
60 5 159
61 5 159
23 5 160
31 5 160
39 5 160
47 5 160
58 5 160
59 5 160
60 5 160
61 5 160
23 5 161
31 5 161
39 5 161
47 5 161
58 5 161
59 5 161
60 5 161
61 5 161
23 5 162
31 5 162
39 5 162
47 5 162
58 5 162
59 5 162
60 5 162
61 5 162
23 5 163
31 5 163
39 5 163
47 5 163
58 5 163
59 5 163
60 5 163
61 5 163
23 5 164
31 5 164
39 5 164
47 5 164
58 5 164
59 5 164
60 5 164
61 5 164
23 5 165
31 5 165
39 5 165
47 5 165
58 5 165
59 5 165
60 5 165
61 5 165
23 5 166
31 5 166
39 5 166
47 5 166
58 5 166
59 5 166
60 5 166
61 5 166
23 5 167
31 5 167
39 5 167
47 5 167
58 5 167
59 5 167
60 5 167
61 5 167
23 5 168
31 5 168
39 5 168
47 5 168
58 5 168
59 5 168
60 5 168
61 5 168
23 5 169
31 5 169
39 5 169
47 5 169
58 5 169
59 5 169
60 5 169
61 5 169
23 5 170
31 5 170
39 5 170
47 5 170
58 5 170
59 5 170
60 5 170
61 5 170
23 5 171
31 5 171
39 5 171
47 5 171
58 5 171
59 5 171
60 5 171
61 5 171
23 5 172
31 5 172
39 5 172
47 5 172
58 5 172
59 5 172
60 5 172
61 5 172
23 5 173
31 5 173
39 5 173
47 5 173
58 5 173
59 5 173
60 5 173
61 5 173
23 5 174
31 5 174
39 5 174
47 5 174
58 5 174
59 5 174
60 5 174
61 5 174
23 5 175
31 5 175
39 5 175
47 5 175
58 5 175
59 5 175
60 5 175
61 5 175
23 5 176
31 5 176
39 5 176
47 5 176
58 5 176
59 5 176
60 5 176
61 5 176
23 5 177
31 5 177
39 5 177
47 5 177
58 5 177
59 5 177
60 5 177
61 5 177
23 5 178
31 5 178
39 5 178
47 5 178
58 5 178
59 5 178
60 5 178
61 5 178
23 5 179
31 5 179
39 5 179
47 5 179
58 5 179
59 5 179
60 5 179
61 5 179
23 5 180
31 5 180
39 5 180
47 5 180
58 5 180
59 5 180
60 5 180
61 5 180
23 5 181
31 5 181
39 5 181
47 5 181
58 5 181
59 5 181
60 5 181
61 5 181
23 5 182
31 5 182
39 5 182
47 5 182
58 5 182
59 5 182
60 5 182
61 5 182
23 5 183
31 5 183
39 5 183
47 5 183
58 5 183
59 5 183
60 5 183
61 5 183
23 5 184
31 5 184
39 5 184
47 5 184
58 5 184
59 5 184
60 5 184
61 5 184
23 5 185
31 5 185
39 5 185
47 5 185
58 5 185
59 5 185
60 5 185
61 5 185
23 5 186
31 5 186
39 5 186
47 5 186
58 5 186
59 5 186
60 5 186
61 5 186
23 5 187
31 5 187
39 5 187
47 5 187
58 5 187
59 5 187
60 5 187
61 5 187
23 5 188
31 5 188
39 5 188
47 5 188
58 5 188
59 5 188
60 5 188
61 5 188
23 5 189
31 5 189
39 5 189
47 5 189
58 5 189
59 5 189
60 5 189
61 5 189
23 5 190
31 5 190
39 5 190
47 5 190
58 5 190
59 5 190
60 5 190
61 5 190
23 5 191
31 5 191
39 5 191
47 5 191
58 5 191
59 5 191
60 5 191
61 5 191
23 5 192
31 5 192
39 5 192
47 5 192
58 5 192
59 5 192
60 5 192
61 5 192
23 24 193
31 24 193
39 24 193
47 24 193
58 24 193
59 24 193
60 24 193
61 24 193
23 24 194
31 24 194
39 24 194
47 24 194
58 24 194
59 24 194
60 24 194
61 24 194
23 24 195
31 24 195
39 24 195
47 24 195
58 24 195
59 24 195
60 24 195
61 24 195
23 24 196
31 24 196
39 24 196
47 24 196
58 24 196
59 24 196
60 24 196
61 24 196
23 24 197
31 24 197
39 24 197
47 24 197
58 24 197
59 24 197
60 24 197
61 24 197
23 24 198
31 24 198
39 24 198
47 24 198
58 24 198
59 24 198
60 24 198
61 24 198
23 24 199
31 24 199
39 24 199
47 24 199
58 24 199
59 24 199
60 24 199
61 24 199
23 24 200
31 24 200
39 24 200
47 24 200
58 24 200
59 24 200
60 24 200
61 24 200
23 24 201
31 24 201
39 24 201
47 24 201
58 24 201
59 24 201
60 24 201
61 24 201
23 24 202
31 24 202
39 24 202
47 24 202
58 24 202
59 24 202
60 24 202
61 24 202
23 24 203
31 24 203
39 24 203
47 24 203
58 24 203
59 24 203
60 24 203
61 24 203
23 24 204
31 24 204
39 24 204
47 24 204
58 24 204
59 24 204
60 24 204
61 24 204
23 24 205
31 24 205
39 24 205
47 24 205
58 24 205
59 24 205
60 24 205
61 24 205
23 24 206
31 24 206
39 24 206
47 24 206
58 24 206
59 24 206
60 24 206
61 24 206
23 24 207
31 24 207
39 24 207
47 24 207
58 24 207
59 24 207
60 24 207
61 24 207
23 24 208
31 24 208
39 24 208
47 24 208
58 24 208
59 24 208
60 24 208
61 24 208
23 24 209
31 24 209
39 24 209
47 24 209
58 24 209
59 24 209
60 24 209
61 24 209
23 24 210
31 24 210
39 24 210
47 24 210
58 24 210
59 24 210
60 24 210
61 24 210
23 24 211
31 24 211
39 24 211
47 24 211
58 24 211
59 24 211
60 24 211
61 24 211
23 24 212
31 24 212
39 24 212
47 24 212
58 24 212
59 24 212
60 24 212
61 24 212
23 24 213
31 24 213
39 24 213
47 24 213
58 24 213
59 24 213
60 24 213
61 24 213
23 24 214
31 24 214
39 24 214
47 24 214
58 24 214
59 24 214
60 24 214
61 24 214
23 24 215
31 24 215
39 24 215
47 24 215
58 24 215
59 24 215
60 24 215
61 24 215
23 24 216
31 24 216
39 24 216
47 24 216
58 24 216
59 24 216
60 24 216
61 24 216
23 24 217
31 24 217
39 24 217
47 24 217
58 24 217
59 24 217
60 24 217
61 24 217
23 24 218
31 24 218
39 24 218
47 24 218
58 24 218
59 24 218
60 24 218
61 24 218
23 24 219
31 24 219
39 24 219
47 24 219
58 24 219
59 24 219
60 24 219
61 24 219
23 24 220
31 24 220
39 24 220
47 24 220
58 24 220
59 24 220
60 24 220
61 24 220
23 24 221
31 24 221
39 24 221
47 24 221
58 24 221
59 24 221
60 24 221
61 24 221
23 24 222
31 24 222
39 24 222
47 24 222
58 24 222
59 24 222
60 24 222
61 24 222
23 24 223
31 24 223
39 24 223
47 24 223
58 24 223
59 24 223
60 24 223
61 24 223
23 24 224
31 24 224
39 24 224
47 24 224
58 24 224
59 24 224
60 24 224
61 24 224
23 24 225
31 24 225
39 24 225
47 24 225
58 24 225
59 24 225
60 24 225
61 24 225
23 24 226
31 24 226
39 24 226
47 24 226
58 24 226
59 24 226
60 24 226
61 24 226
23 24 227
31 24 227
39 24 227
47 24 227
58 24 227
59 24 227
60 24 227
61 24 227
23 24 228
31 24 228
39 24 228
47 24 228
58 24 228
59 24 228
60 24 228
61 24 228
23 24 229
31 24 229
39 24 229
47 24 229
58 24 229
59 24 229
60 24 229
61 24 229
23 24 230
31 24 230
39 24 230
47 24 230
58 24 230
59 24 230
60 24 230
61 24 230
23 24 231
31 24 231
39 24 231
47 24 231
58 24 231
59 24 231
60 24 231
61 24 231
23 24 232
31 24 232
39 24 232
47 24 232
58 24 232
59 24 232
60 24 232
61 24 232
23 24 233
31 24 233
39 24 233
47 24 233
58 24 233
59 24 233
60 24 233
61 24 233
23 24 234
31 24 234
39 24 234
47 24 234
58 24 234
59 24 234
60 24 234
61 24 234
23 24 235
31 24 235
39 24 235
47 24 235
58 24 235
59 24 235
60 24 235
61 24 235
23 24 236
31 24 236
39 24 236
47 24 236
58 24 236
59 24 236
60 24 236
61 24 236
23 24 237
31 24 237
39 24 237
47 24 237
58 24 237
59 24 237
60 24 237
61 24 237
23 24 238
31 24 238
39 24 238
47 24 238
58 24 238
59 24 238
60 24 238
61 24 238
23 24 239
31 24 239
39 24 239
47 24 239
58 24 239
59 24 239
60 24 239
61 24 239
23 24 240
31 24 240
39 24 240
47 24 240
58 24 240
59 24 240
60 24 240
61 24 240
23 32 241
31 32 241
39 32 241
47 32 241
58 32 241
59 32 241
60 32 241
61 32 241
23 32 242
31 32 242
39 32 242
47 32 242
58 32 242
59 32 242
60 32 242
61 32 242
23 32 243
31 32 243
39 32 243
47 32 243
58 32 243
59 32 243
60 32 243
61 32 243
23 32 244
31 32 244
39 32 244
47 32 244
58 32 244
59 32 244
60 32 244
61 32 244
23 32 245
31 32 245
39 32 245
47 32 245
58 32 245
59 32 245
60 32 245
61 32 245
23 32 246
31 32 246
39 32 246
47 32 246
58 32 246
59 32 246
60 32 246
61 32 246
23 32 247
31 32 247
39 32 247
47 32 247
58 32 247
59 32 247
60 32 247
61 32 247
23 32 248
31 32 248
39 32 248
47 32 248
58 32 248
59 32 248
60 32 248
61 32 248
23 32 249
31 32 249
39 32 249
47 32 249
58 32 249
59 32 249
60 32 249
61 32 249
23 32 250
31 32 250
39 32 250
47 32 250
58 32 250
59 32 250
60 32 250
61 32 250
23 32 251
31 32 251
39 32 251
47 32 251
58 32 251
59 32 251
60 32 251
61 32 251
23 32 252
31 32 252
39 32 252
47 32 252
58 32 252
59 32 252
60 32 252
61 32 252
23 32 253
31 32 253
39 32 253
47 32 253
58 32 253
59 32 253
60 32 253
61 32 253
23 32 254
31 32 254
39 32 254
47 32 254
58 32 254
59 32 254
60 32 254
61 32 254
23 32 255
31 32 255
39 32 255
47 32 255
58 32 255
59 32 255
60 32 255
61 32 255
23 32 256
31 32 256
39 32 256
47 32 256
58 32 256
59 32 256
60 32 256
61 32 256
23 32 257
31 32 257
39 32 257
47 32 257
58 32 257
59 32 257
60 32 257
61 32 257
23 32 258
31 32 258
39 32 258
47 32 258
58 32 258
59 32 258
60 32 258
61 32 258
23 32 259
31 32 259
39 32 259
47 32 259
58 32 259
59 32 259
60 32 259
61 32 259
23 32 260
31 32 260
39 32 260
47 32 260
58 32 260
59 32 260
60 32 260
61 32 260
23 32 261
31 32 261
39 32 261
47 32 261
58 32 261
59 32 261
60 32 261
61 32 261
23 32 262
31 32 262
39 32 262
47 32 262
58 32 262
59 32 262
60 32 262
61 32 262
23 32 263
31 32 263
39 32 263
47 32 263
58 32 263
59 32 263
60 32 263
61 32 263
23 32 264
31 32 264
39 32 264
47 32 264
58 32 264
59 32 264
60 32 264
61 32 264
23 32 265
31 32 265
39 32 265
47 32 265
58 32 265
59 32 265
60 32 265
61 32 265
23 32 266
31 32 266
39 32 266
47 32 266
58 32 266
59 32 266
60 32 266
61 32 266
23 32 267
31 32 267
39 32 267
47 32 267
58 32 267
59 32 267
60 32 267
61 32 267
23 32 268
31 32 268
39 32 268
47 32 268
58 32 268
59 32 268
60 32 268
61 32 268
23 32 269
31 32 269
39 32 269
47 32 269
58 32 269
59 32 269
60 32 269
61 32 269
23 32 270
31 32 270
39 32 270
47 32 270
58 32 270
59 32 270
60 32 270
61 32 270
23 32 271
31 32 271
39 32 271
47 32 271
58 32 271
59 32 271
60 32 271
61 32 271
23 32 272
31 32 272
39 32 272
47 32 272
58 32 272
59 32 272
60 32 272
61 32 272
23 32 273
31 32 273
39 32 273
47 32 273
58 32 273
59 32 273
60 32 273
61 32 273
23 32 274
31 32 274
39 32 274
47 32 274
58 32 274
59 32 274
60 32 274
61 32 274
23 32 275
31 32 275
39 32 275
47 32 275
58 32 275
59 32 275
60 32 275
61 32 275
23 32 276
31 32 276
39 32 276
47 32 276
58 32 276
59 32 276
60 32 276
61 32 276
23 32 277
31 32 277
39 32 277
47 32 277
58 32 277
59 32 277
60 32 277
61 32 277
23 32 278
31 32 278
39 32 278
47 32 278
58 32 278
59 32 278
60 32 278
61 32 278
23 32 279
31 32 279
39 32 279
47 32 279
58 32 279
59 32 279
60 32 279
61 32 279
23 32 280
31 32 280
39 32 280
47 32 280
58 32 280
59 32 280
60 32 280
61 32 280
23 32 281
31 32 281
39 32 281
47 32 281
58 32 281
59 32 281
60 32 281
61 32 281
23 32 282
31 32 282
39 32 282
47 32 282
58 32 282
59 32 282
60 32 282
61 32 282
23 32 283
31 32 283
39 32 283
47 32 283
58 32 283
59 32 283
60 32 283
61 32 283
23 32 284
31 32 284
39 32 284
47 32 284
58 32 284
59 32 284
60 32 284
61 32 284
23 32 285
31 32 285
39 32 285
47 32 285
58 32 285
59 32 285
60 32 285
61 32 285
23 32 286
31 32 286
39 32 286
47 32 286
58 32 286
59 32 286
60 32 286
61 32 286
23 32 287
31 32 287
39 32 287
47 32 287
58 32 287
59 32 287
60 32 287
61 32 287
23 32 288
31 32 288
39 32 288
47 32 288
58 32 288
59 32 288
60 32 288
61 32 288
23 40 289
31 40 289
39 40 289
47 40 289
58 40 289
59 40 289
60 40 289
61 40 289
23 40 290
31 40 290
39 40 290
47 40 290
58 40 290
59 40 290
60 40 290
61 40 290
23 40 291
31 40 291
39 40 291
47 40 291
58 40 291
59 40 291
60 40 291
61 40 291
23 40 292
31 40 292
39 40 292
47 40 292
58 40 292
59 40 292
60 40 292
61 40 292
23 40 293
31 40 293
39 40 293
47 40 293
58 40 293
59 40 293
60 40 293
61 40 293
23 40 294
31 40 294
39 40 294
47 40 294
58 40 294
59 40 294
60 40 294
61 40 294
23 40 295
31 40 295
39 40 295
47 40 295
58 40 295
59 40 295
60 40 295
61 40 295
23 40 296
31 40 296
39 40 296
47 40 296
58 40 296
59 40 296
60 40 296
61 40 296
23 40 297
31 40 297
39 40 297
47 40 297
58 40 297
59 40 297
60 40 297
61 40 297
23 40 298
31 40 298
39 40 298
47 40 298
58 40 298
59 40 298
60 40 298
61 40 298
23 40 299
31 40 299
39 40 299
47 40 299
58 40 299
59 40 299
60 40 299
61 40 299
23 40 300
31 40 300
39 40 300
47 40 300
58 40 300
59 40 300
60 40 300
61 40 300
23 40 301
31 40 301
39 40 301
47 40 301
58 40 301
59 40 301
60 40 301
61 40 301
23 40 302
31 40 302
39 40 302
47 40 302
58 40 302
59 40 302
60 40 302
61 40 302
23 40 303
31 40 303
39 40 303
47 40 303
58 40 303
59 40 303
60 40 303
61 40 303
23 40 304
31 40 304
39 40 304
47 40 304
58 40 304
59 40 304
60 40 304
61 40 304
23 40 305
31 40 305
39 40 305
47 40 305
58 40 305
59 40 305
60 40 305
61 40 305
23 40 306
31 40 306
39 40 306
47 40 306
58 40 306
59 40 306
60 40 306
61 40 306
23 40 307
31 40 307
39 40 307
47 40 307
58 40 307
59 40 307
60 40 307
61 40 307
23 40 308
31 40 308
39 40 308
47 40 308
58 40 308
59 40 308
60 40 308
61 40 308
23 40 309
31 40 309
39 40 309
47 40 309
58 40 309
59 40 309
60 40 309
61 40 309
23 40 310
31 40 310
39 40 310
47 40 310
58 40 310
59 40 310
60 40 310
61 40 310
23 40 311
31 40 311
39 40 311
47 40 311
58 40 311
59 40 311
60 40 311
61 40 311
23 40 312
31 40 312
39 40 312
47 40 312
58 40 312
59 40 312
60 40 312
61 40 312
23 40 313
31 40 313
39 40 313
47 40 313
58 40 313
59 40 313
60 40 313
61 40 313
23 40 314
31 40 314
39 40 314
47 40 314
58 40 314
59 40 314
60 40 314
61 40 314
23 40 315
31 40 315
39 40 315
47 40 315
58 40 315
59 40 315
60 40 315
61 40 315
23 40 316
31 40 316
39 40 316
47 40 316
58 40 316
59 40 316
60 40 316
61 40 316
23 40 317
31 40 317
39 40 317
47 40 317
58 40 317
59 40 317
60 40 317
61 40 317
23 40 318
31 40 318
39 40 318
47 40 318
58 40 318
59 40 318
60 40 318
61 40 318
23 40 319
31 40 319
39 40 319
47 40 319
58 40 319
59 40 319
60 40 319
61 40 319
23 40 320
31 40 320
39 40 320
47 40 320
58 40 320
59 40 320
60 40 320
61 40 320
23 40 321
31 40 321
39 40 321
47 40 321
58 40 321
59 40 321
60 40 321
61 40 321
23 40 322
31 40 322
39 40 322
47 40 322
58 40 322
59 40 322
60 40 322
61 40 322
23 40 323
31 40 323
39 40 323
47 40 323
58 40 323
59 40 323
60 40 323
61 40 323
23 40 324
31 40 324
39 40 324
47 40 324
58 40 324
59 40 324
60 40 324
61 40 324
23 40 325
31 40 325
39 40 325
47 40 325
58 40 325
59 40 325
60 40 325
61 40 325
23 40 326
31 40 326
39 40 326
47 40 326
58 40 326
59 40 326
60 40 326
61 40 326
23 40 327
31 40 327
39 40 327
47 40 327
58 40 327
59 40 327
60 40 327
61 40 327
23 40 328
31 40 328
39 40 328
47 40 328
58 40 328
59 40 328
60 40 328
61 40 328
23 40 329
31 40 329
39 40 329
47 40 329
58 40 329
59 40 329
60 40 329
61 40 329
23 40 330
31 40 330
39 40 330
47 40 330
58 40 330
59 40 330
60 40 330
61 40 330
23 40 331
31 40 331
39 40 331
47 40 331
58 40 331
59 40 331
60 40 331
61 40 331
23 40 332
31 40 332
39 40 332
47 40 332
58 40 332
59 40 332
60 40 332
61 40 332
23 40 333
31 40 333
39 40 333
47 40 333
58 40 333
59 40 333
60 40 333
61 40 333
23 40 334
31 40 334
39 40 334
47 40 334
58 40 334
59 40 334
60 40 334
61 40 334
23 40 335
31 40 335
39 40 335
47 40 335
58 40 335
59 40 335
60 40 335
61 40 335
23 40 336
31 40 336
39 40 336
47 40 336
58 40 336
59 40 336
60 40 336
61 40 336
23 48 337
31 48 337
39 48 337
47 48 337
58 48 337
59 48 337
60 48 337
61 48 337
23 48 338
31 48 338
39 48 338
47 48 338
58 48 338
59 48 338
60 48 338
61 48 338
23 48 339
31 48 339
39 48 339
47 48 339
58 48 339
59 48 339
60 48 339
61 48 339
23 48 340
31 48 340
39 48 340
47 48 340
58 48 340
59 48 340
60 48 340
61 48 340
23 48 341
31 48 341
39 48 341
47 48 341
58 48 341
59 48 341
60 48 341
61 48 341
23 48 342
31 48 342
39 48 342
47 48 342
58 48 342
59 48 342
60 48 342
61 48 342
23 48 343
31 48 343
39 48 343
47 48 343
58 48 343
59 48 343
60 48 343
61 48 343
23 48 344
31 48 344
39 48 344
47 48 344
58 48 344
59 48 344
60 48 344
61 48 344
23 48 345
31 48 345
39 48 345
47 48 345
58 48 345
59 48 345
60 48 345
61 48 345
23 48 346
31 48 346
39 48 346
47 48 346
58 48 346
59 48 346
60 48 346
61 48 346
23 48 347
31 48 347
39 48 347
47 48 347
58 48 347
59 48 347
60 48 347
61 48 347
23 48 348
31 48 348
39 48 348
47 48 348
58 48 348
59 48 348
60 48 348
61 48 348
23 48 349
31 48 349
39 48 349
47 48 349
58 48 349
59 48 349
60 48 349
61 48 349
23 48 350
31 48 350
39 48 350
47 48 350
58 48 350
59 48 350
60 48 350
61 48 350
23 48 351
31 48 351
39 48 351
47 48 351
58 48 351
59 48 351
60 48 351
61 48 351
23 48 352
31 48 352
39 48 352
47 48 352
58 48 352
59 48 352
60 48 352
61 48 352
23 48 353
31 48 353
39 48 353
47 48 353
58 48 353
59 48 353
60 48 353
61 48 353
23 48 354
31 48 354
39 48 354
47 48 354
58 48 354
59 48 354
60 48 354
61 48 354
23 48 355
31 48 355
39 48 355
47 48 355
58 48 355
59 48 355
60 48 355
61 48 355
23 48 356
31 48 356
39 48 356
47 48 356
58 48 356
59 48 356
60 48 356
61 48 356
23 48 357
31 48 357
39 48 357
47 48 357
58 48 357
59 48 357
60 48 357
61 48 357
23 48 358
31 48 358
39 48 358
47 48 358
58 48 358
59 48 358
60 48 358
61 48 358
23 48 359
31 48 359
39 48 359
47 48 359
58 48 359
59 48 359
60 48 359
61 48 359
23 48 360
31 48 360
39 48 360
47 48 360
58 48 360
59 48 360
60 48 360
61 48 360
23 48 361
31 48 361
39 48 361
47 48 361
58 48 361
59 48 361
60 48 361
61 48 361
23 48 362
31 48 362
39 48 362
47 48 362
58 48 362
59 48 362
60 48 362
61 48 362
23 48 363
31 48 363
39 48 363
47 48 363
58 48 363
59 48 363
60 48 363
61 48 363
23 48 364
31 48 364
39 48 364
47 48 364
58 48 364
59 48 364
60 48 364
61 48 364
23 48 365
31 48 365
39 48 365
47 48 365
58 48 365
59 48 365
60 48 365
61 48 365
23 48 366
31 48 366
39 48 366
47 48 366
58 48 366
59 48 366
60 48 366
61 48 366
23 48 367
31 48 367
39 48 367
47 48 367
58 48 367
59 48 367
60 48 367
61 48 367
23 48 368
31 48 368
39 48 368
47 48 368
58 48 368
59 48 368
60 48 368
61 48 368
23 48 369
31 48 369
39 48 369
47 48 369
58 48 369
59 48 369
60 48 369
61 48 369
23 48 370
31 48 370
39 48 370
47 48 370
58 48 370
59 48 370
60 48 370
61 48 370
23 48 371
31 48 371
39 48 371
47 48 371
58 48 371
59 48 371
60 48 371
61 48 371
23 48 372
31 48 372
39 48 372
47 48 372
58 48 372
59 48 372
60 48 372
61 48 372
23 48 373
31 48 373
39 48 373
47 48 373
58 48 373
59 48 373
60 48 373
61 48 373
23 48 374
31 48 374
39 48 374
47 48 374
58 48 374
59 48 374
60 48 374
61 48 374
23 48 375
31 48 375
39 48 375
47 48 375
58 48 375
59 48 375
60 48 375
61 48 375
23 48 376
31 48 376
39 48 376
47 48 376
58 48 376
59 48 376
60 48 376
61 48 376
23 48 377
31 48 377
39 48 377
47 48 377
58 48 377
59 48 377
60 48 377
61 48 377
23 48 378
31 48 378
39 48 378
47 48 378
58 48 378
59 48 378
60 48 378
61 48 378
23 48 379
31 48 379
39 48 379
47 48 379
58 48 379
59 48 379
60 48 379
61 48 379
23 48 380
31 48 380
39 48 380
47 48 380
58 48 380
59 48 380
60 48 380
61 48 380
23 48 381
31 48 381
39 48 381
47 48 381
58 48 381
59 48 381
60 48 381
61 48 381
23 48 382
31 48 382
39 48 382
47 48 382
58 48 382
59 48 382
60 48 382
61 48 382
23 48 383
31 48 383
39 48 383
47 48 383
58 48 383
59 48 383
60 48 383
61 48 383
23 48 384
31 48 384
39 48 384
47 48 384
58 48 384
59 48 384
60 48 384
61 48 384
