27 3 1
28 3 1
29 3 1
30 3 1
33 3 1
34 3 1
35 3 1
36 3 1
37 3 1
38 3 1
41 3 1
42 3 1
43 3 1
44 3 1
45 3 1
46 3 1
31 3 1
39 3 1
47 3 1
55 3 1
59 3 1
60 3 1
61 3 1
62 3 1
27 4 2
28 4 2
29 4 2
30 4 2
33 4 2
34 4 2
35 4 2
36 4 2
37 4 2
38 4 2
41 4 2
42 4 2
43 4 2
44 4 2
45 4 2
46 4 2
31 3 2
39 3 2
47 3 2
55 3 2
59 3 2
60 3 2
61 3 2
62 3 2
27 5 3
28 5 3
29 5 3
30 5 3
33 5 3
34 5 3
35 5 3
36 5 3
37 5 3
38 5 3
41 5 3
42 5 3
43 5 3
44 5 3
45 5 3
46 5 3
31 3 3
39 3 3
47 3 3
55 3 3
59 3 3
60 3 3
61 3 3
62 3 3
27 6 4
28 6 4
29 6 4
30 6 4
33 6 4
34 6 4
35 6 4
36 6 4
37 6 4
38 6 4
41 6 4
42 6 4
43 6 4
44 6 4
45 6 4
46 6 4
31 3 4
39 3 4
47 3 4
55 3 4
59 3 4
60 3 4
61 3 4
62 3 4
27 16 5
28 16 5
29 16 5
30 16 5
33 16 5
34 16 5
35 16 5
36 16 5
37 16 5
38 16 5
41 16 5
42 16 5
43 16 5
44 16 5
45 16 5
46 16 5
31 3 5
39 3 5
47 3 5
55 3 5
59 3 5
60 3 5
61 3 5
62 3 5
27 24 6
28 24 6
29 24 6
30 24 6
33 24 6
34 24 6
35 24 6
36 24 6
37 24 6
38 24 6
41 24 6
42 24 6
43 24 6
44 24 6
45 24 6
46 24 6
31 3 6
39 3 6
47 3 6
55 3 6
59 3 6
60 3 6
61 3 6
62 3 6
27 32 7
28 32 7
29 32 7
30 32 7
33 32 7
34 32 7
35 32 7
36 32 7
37 32 7
38 32 7
41 32 7
42 32 7
43 32 7
44 32 7
45 32 7
46 32 7
31 3 7
39 3 7
47 3 7
55 3 7
59 3 7
60 3 7
61 3 7
62 3 7
27 40 8
28 40 8
29 40 8
30 40 8
33 40 8
34 40 8
35 40 8
36 40 8
37 40 8
38 40 8
41 40 8
42 40 8
43 40 8
44 40 8
45 40 8
46 40 8
31 3 8
39 3 8
47 3 8
55 3 8
59 3 8
60 3 8
61 3 8
62 3 8
27 31 9
28 31 9
29 31 9
30 31 9
33 31 9
34 31 9
35 31 9
36 31 9
37 31 9
38 31 9
41 31 9
42 31 9
43 31 9
44 31 9
45 31 9
46 31 9
31 3 9
39 3 9
47 3 9
55 3 9
59 3 9
60 3 9
61 3 9
62 3 9
27 31 10
28 31 10
29 31 10
30 31 10
33 31 10
34 31 10
35 31 10
36 31 10
37 31 10
38 31 10
41 31 10
42 31 10
43 31 10
44 31 10
45 31 10
46 31 10
31 3 10
39 3 10
47 3 10
55 3 10
59 3 10
60 3 10
61 3 10
62 3 10
27 31 11
28 31 11
29 31 11
30 31 11
33 31 11
34 31 11
35 31 11
36 31 11
37 31 11
38 31 11
41 31 11
42 31 11
43 31 11
44 31 11
45 31 11
46 31 11
31 3 11
39 3 11
47 3 11
55 3 11
59 3 11
60 3 11
61 3 11
62 3 11
27 39 12
28 39 12
29 39 12
30 39 12
33 39 12
34 39 12
35 39 12
36 39 12
37 39 12
38 39 12
41 39 12
42 39 12
43 39 12
44 39 12
45 39 12
46 39 12
31 3 12
39 3 12
47 3 12
55 3 12
59 3 12
60 3 12
61 3 12
62 3 12
27 39 13
28 39 13
29 39 13
30 39 13
33 39 13
34 39 13
35 39 13
36 39 13
37 39 13
38 39 13
41 39 13
42 39 13
43 39 13
44 39 13
45 39 13
46 39 13
31 3 13
39 3 13
47 3 13
55 3 13
59 3 13
60 3 13
61 3 13
62 3 13
27 39 14
28 39 14
29 39 14
30 39 14
33 39 14
34 39 14
35 39 14
36 39 14
37 39 14
38 39 14
41 39 14
42 39 14
43 39 14
44 39 14
45 39 14
46 39 14
31 3 14
39 3 14
47 3 14
55 3 14
59 3 14
60 3 14
61 3 14
62 3 14
27 47 15
28 47 15
29 47 15
30 47 15
33 47 15
34 47 15
35 47 15
36 47 15
37 47 15
38 47 15
41 47 15
42 47 15
43 47 15
44 47 15
45 47 15
46 47 15
31 3 15
39 3 15
47 3 15
55 3 15
59 3 15
60 3 15
61 3 15
62 3 15
27 47 16
28 47 16
29 47 16
30 47 16
33 47 16
34 47 16
35 47 16
36 47 16
37 47 16
38 47 16
41 47 16
42 47 16
43 47 16
44 47 16
45 47 16
46 47 16
31 3 16
39 3 16
47 3 16
55 3 16
59 3 16
60 3 16
61 3 16
62 3 16
27 47 17
28 47 17
29 47 17
30 47 17
33 47 17
34 47 17
35 47 17
36 47 17
37 47 17
38 47 17
41 47 17
42 47 17
43 47 17
44 47 17
45 47 17
46 47 17
31 3 17
39 3 17
47 3 17
55 3 17
59 3 17
60 3 17
61 3 17
62 3 17
27 55 18
28 55 18
29 55 18
30 55 18
33 55 18
34 55 18
35 55 18
36 55 18
37 55 18
38 55 18
41 55 18
42 55 18
43 55 18
44 55 18
45 55 18
46 55 18
31 3 18
39 3 18
47 3 18
55 3 18
59 3 18
60 3 18
61 3 18
62 3 18
27 55 19
28 55 19
29 55 19
30 55 19
33 55 19
34 55 19
35 55 19
36 55 19
37 55 19
38 55 19
41 55 19
42 55 19
43 55 19
44 55 19
45 55 19
46 55 19
31 3 19
39 3 19
47 3 19
55 3 19
59 3 19
60 3 19
61 3 19
62 3 19
27 55 20
28 55 20
29 55 20
30 55 20
33 55 20
34 55 20
35 55 20
36 55 20
37 55 20
38 55 20
41 55 20
42 55 20
43 55 20
44 55 20
45 55 20
46 55 20
31 3 20
39 3 20
47 3 20
55 3 20
59 3 20
60 3 20
61 3 20
62 3 20
27 59 21
28 59 21
29 59 21
30 59 21
33 59 21
34 59 21
35 59 21
36 59 21
37 59 21
38 59 21
41 59 21
42 59 21
43 59 21
44 59 21
45 59 21
46 59 21
31 3 21
39 3 21
47 3 21
55 3 21
59 3 21
60 3 21
61 3 21
62 3 21
27 59 22
28 59 22
29 59 22
30 59 22
33 59 22
34 59 22
35 59 22
36 59 22
37 59 22
38 59 22
41 59 22
42 59 22
43 59 22
44 59 22
45 59 22
46 59 22
31 3 22
39 3 22
47 3 22
55 3 22
59 3 22
60 3 22
61 3 22
62 3 22
27 59 23
28 59 23
29 59 23
30 59 23
33 59 23
34 59 23
35 59 23
36 59 23
37 59 23
38 59 23
41 59 23
42 59 23
43 59 23
44 59 23
45 59 23
46 59 23
31 3 23
39 3 23
47 3 23
55 3 23
59 3 23
60 3 23
61 3 23
62 3 23
27 60 24
28 60 24
29 60 24
30 60 24
33 60 24
34 60 24
35 60 24
36 60 24
37 60 24
38 60 24
41 60 24
42 60 24
43 60 24
44 60 24
45 60 24
46 60 24
31 3 24
39 3 24
47 3 24
55 3 24
59 3 24
60 3 24
61 3 24
62 3 24
27 60 25
28 60 25
29 60 25
30 60 25
33 60 25
34 60 25
35 60 25
36 60 25
37 60 25
38 60 25
41 60 25
42 60 25
43 60 25
44 60 25
45 60 25
46 60 25
31 3 25
39 3 25
47 3 25
55 3 25
59 3 25
60 3 25
61 3 25
62 3 25
27 60 26
28 60 26
29 60 26
30 60 26
33 60 26
34 60 26
35 60 26
36 60 26
37 60 26
38 60 26
41 60 26
42 60 26
43 60 26
44 60 26
45 60 26
46 60 26
31 3 26
39 3 26
47 3 26
55 3 26
59 3 26
60 3 26
61 3 26
62 3 26
27 61 27
28 61 27
29 61 27
30 61 27
33 61 27
34 61 27
35 61 27
36 61 27
37 61 27
38 61 27
41 61 27
42 61 27
43 61 27
44 61 27
45 61 27
46 61 27
31 3 27
39 3 27
47 3 27
55 3 27
59 3 27
60 3 27
61 3 27
62 3 27
27 61 28
28 61 28
29 61 28
30 61 28
33 61 28
34 61 28
35 61 28
36 61 28
37 61 28
38 61 28
41 61 28
42 61 28
43 61 28
44 61 28
45 61 28
46 61 28
31 3 28
39 3 28
47 3 28
55 3 28
59 3 28
60 3 28
61 3 28
62 3 28
27 61 29
28 61 29
29 61 29
30 61 29
33 61 29
34 61 29
35 61 29
36 61 29
37 61 29
38 61 29
41 61 29
42 61 29
43 61 29
44 61 29
45 61 29
46 61 29
31 3 29
39 3 29
47 3 29
55 3 29
59 3 29
60 3 29
61 3 29
62 3 29
27 62 30
28 62 30
29 62 30
30 62 30
33 62 30
34 62 30
35 62 30
36 62 30
37 62 30
38 62 30
41 62 30
42 62 30
43 62 30
44 62 30
45 62 30
46 62 30
31 3 30
39 3 30
47 3 30
55 3 30
59 3 30
60 3 30
61 3 30
62 3 30
27 62 31
28 62 31
29 62 31
30 62 31
33 62 31
34 62 31
35 62 31
36 62 31
37 62 31
38 62 31
41 62 31
42 62 31
43 62 31
44 62 31
45 62 31
46 62 31
31 3 31
39 3 31
47 3 31
55 3 31
59 3 31
60 3 31
61 3 31
62 3 31
27 62 32
28 62 32
29 62 32
30 62 32
33 62 32
34 62 32
35 62 32
36 62 32
37 62 32
38 62 32
41 62 32
42 62 32
43 62 32
44 62 32
45 62 32
46 62 32
31 3 32
39 3 32
47 3 32
55 3 32
59 3 32
60 3 32
61 3 32
62 3 32
31 3 33
39 3 33
47 3 33
55 3 33
59 3 33
60 3 33
61 3 33
62 3 33
31 3 34
39 3 34
47 3 34
55 3 34
59 3 34
60 3 34
61 3 34
62 3 34
31 3 35
39 3 35
47 3 35
55 3 35
59 3 35
60 3 35
61 3 35
62 3 35
31 3 36
39 3 36
47 3 36
55 3 36
59 3 36
60 3 36
61 3 36
62 3 36
31 3 37
39 3 37
47 3 37
55 3 37
59 3 37
60 3 37
61 3 37
62 3 37
31 3 38
39 3 38
47 3 38
55 3 38
59 3 38
60 3 38
61 3 38
62 3 38
31 3 39
39 3 39
47 3 39
55 3 39
59 3 39
60 3 39
61 3 39
62 3 39
31 3 40
39 3 40
47 3 40
55 3 40
59 3 40
60 3 40
61 3 40
62 3 40
31 3 41
39 3 41
47 3 41
55 3 41
59 3 41
60 3 41
61 3 41
62 3 41
31 3 42
39 3 42
47 3 42
55 3 42
59 3 42
60 3 42
61 3 42
62 3 42
31 3 43
39 3 43
47 3 43
55 3 43
59 3 43
60 3 43
61 3 43
62 3 43
31 3 44
39 3 44
47 3 44
55 3 44
59 3 44
60 3 44
61 3 44
62 3 44
31 3 45
39 3 45
47 3 45
55 3 45
59 3 45
60 3 45
61 3 45
62 3 45
31 3 46
39 3 46
47 3 46
55 3 46
59 3 46
60 3 46
61 3 46
62 3 46
31 3 47
39 3 47
47 3 47
55 3 47
59 3 47
60 3 47
61 3 47
62 3 47
31 3 48
39 3 48
47 3 48
55 3 48
59 3 48
60 3 48
61 3 48
62 3 48
31 4 49
39 4 49
47 4 49
55 4 49
59 4 49
60 4 49
61 4 49
62 4 49
31 4 50
39 4 50
47 4 50
55 4 50
59 4 50
60 4 50
61 4 50
62 4 50
31 4 51
39 4 51
47 4 51
55 4 51
59 4 51
60 4 51
61 4 51
62 4 51
31 4 52
39 4 52
47 4 52
55 4 52
59 4 52
60 4 52
61 4 52
62 4 52
31 4 53
39 4 53
47 4 53
55 4 53
59 4 53
60 4 53
61 4 53
62 4 53
31 4 54
39 4 54
47 4 54
55 4 54
59 4 54
60 4 54
61 4 54
62 4 54
31 4 55
39 4 55
47 4 55
55 4 55
59 4 55
60 4 55
61 4 55
62 4 55
31 4 56
39 4 56
47 4 56
55 4 56
59 4 56
60 4 56
61 4 56
62 4 56
31 4 57
39 4 57
47 4 57
55 4 57
59 4 57
60 4 57
61 4 57
62 4 57
31 4 58
39 4 58
47 4 58
55 4 58
59 4 58
60 4 58
61 4 58
62 4 58
31 4 59
39 4 59
47 4 59
55 4 59
59 4 59
60 4 59
61 4 59
62 4 59
31 4 60
39 4 60
47 4 60
55 4 60
59 4 60
60 4 60
61 4 60
62 4 60
31 4 61
39 4 61
47 4 61
55 4 61
59 4 61
60 4 61
61 4 61
62 4 61
31 4 62
39 4 62
47 4 62
55 4 62
59 4 62
60 4 62
61 4 62
62 4 62
31 4 63
39 4 63
47 4 63
55 4 63
59 4 63
60 4 63
61 4 63
62 4 63
31 4 64
39 4 64
47 4 64
55 4 64
59 4 64
60 4 64
61 4 64
62 4 64
31 4 65
39 4 65
47 4 65
55 4 65
59 4 65
60 4 65
61 4 65
62 4 65
31 4 66
39 4 66
47 4 66
55 4 66
59 4 66
60 4 66
61 4 66
62 4 66
31 4 67
39 4 67
47 4 67
55 4 67
59 4 67
60 4 67
61 4 67
62 4 67
31 4 68
39 4 68
47 4 68
55 4 68
59 4 68
60 4 68
61 4 68
62 4 68
31 4 69
39 4 69
47 4 69
55 4 69
59 4 69
60 4 69
61 4 69
62 4 69
31 4 70
39 4 70
47 4 70
55 4 70
59 4 70
60 4 70
61 4 70
62 4 70
31 4 71
39 4 71
47 4 71
55 4 71
59 4 71
60 4 71
61 4 71
62 4 71
31 4 72
39 4 72
47 4 72
55 4 72
59 4 72
60 4 72
61 4 72
62 4 72
31 4 73
39 4 73
47 4 73
55 4 73
59 4 73
60 4 73
61 4 73
62 4 73
31 4 74
39 4 74
47 4 74
55 4 74
59 4 74
60 4 74
61 4 74
62 4 74
31 4 75
39 4 75
47 4 75
55 4 75
59 4 75
60 4 75
61 4 75
62 4 75
31 4 76
39 4 76
47 4 76
55 4 76
59 4 76
60 4 76
61 4 76
62 4 76
31 4 77
39 4 77
47 4 77
55 4 77
59 4 77
60 4 77
61 4 77
62 4 77
31 4 78
39 4 78
47 4 78
55 4 78
59 4 78
60 4 78
61 4 78
62 4 78
31 4 79
39 4 79
47 4 79
55 4 79
59 4 79
60 4 79
61 4 79
62 4 79
31 4 80
39 4 80
47 4 80
55 4 80
59 4 80
60 4 80
61 4 80
62 4 80
31 4 81
39 4 81
47 4 81
55 4 81
59 4 81
60 4 81
61 4 81
62 4 81
31 4 82
39 4 82
47 4 82
55 4 82
59 4 82
60 4 82
61 4 82
62 4 82
31 4 83
39 4 83
47 4 83
55 4 83
59 4 83
60 4 83
61 4 83
62 4 83
31 4 84
39 4 84
47 4 84
55 4 84
59 4 84
60 4 84
61 4 84
62 4 84
31 4 85
39 4 85
47 4 85
55 4 85
59 4 85
60 4 85
61 4 85
62 4 85
31 4 86
39 4 86
47 4 86
55 4 86
59 4 86
60 4 86
61 4 86
62 4 86
31 4 87
39 4 87
47 4 87
55 4 87
59 4 87
60 4 87
61 4 87
62 4 87
31 4 88
39 4 88
47 4 88
55 4 88
59 4 88
60 4 88
61 4 88
62 4 88
31 4 89
39 4 89
47 4 89
55 4 89
59 4 89
60 4 89
61 4 89
62 4 89
31 4 90
39 4 90
47 4 90
55 4 90
59 4 90
60 4 90
61 4 90
62 4 90
31 4 91
39 4 91
47 4 91
55 4 91
59 4 91
60 4 91
61 4 91
62 4 91
31 4 92
39 4 92
47 4 92
55 4 92
59 4 92
60 4 92
61 4 92
62 4 92
31 4 93
39 4 93
47 4 93
55 4 93
59 4 93
60 4 93
61 4 93
62 4 93
31 4 94
39 4 94
47 4 94
55 4 94
59 4 94
60 4 94
61 4 94
62 4 94
31 4 95
39 4 95
47 4 95
55 4 95
59 4 95
60 4 95
61 4 95
62 4 95
31 4 96
39 4 96
47 4 96
55 4 96
59 4 96
60 4 96
61 4 96
62 4 96
31 5 97
39 5 97
47 5 97
55 5 97
59 5 97
60 5 97
61 5 97
62 5 97
31 5 98
39 5 98
47 5 98
55 5 98
59 5 98
60 5 98
61 5 98
62 5 98
31 5 99
39 5 99
47 5 99
55 5 99
59 5 99
60 5 99
61 5 99
62 5 99
31 5 100
39 5 100
47 5 100
55 5 100
59 5 100
60 5 100
61 5 100
62 5 100
31 5 101
39 5 101
47 5 101
55 5 101
59 5 101
60 5 101
61 5 101
62 5 101
31 5 102
39 5 102
47 5 102
55 5 102
59 5 102
60 5 102
61 5 102
62 5 102
31 5 103
39 5 103
47 5 103
55 5 103
59 5 103
60 5 103
61 5 103
62 5 103
31 5 104
39 5 104
47 5 104
55 5 104
59 5 104
60 5 104
61 5 104
62 5 104
31 5 105
39 5 105
47 5 105
55 5 105
59 5 105
60 5 105
61 5 105
62 5 105
31 5 106
39 5 106
47 5 106
55 5 106
59 5 106
60 5 106
61 5 106
62 5 106
31 5 107
39 5 107
47 5 107
55 5 107
59 5 107
60 5 107
61 5 107
62 5 107
31 5 108
39 5 108
47 5 108
55 5 108
59 5 108
60 5 108
61 5 108
62 5 108
31 5 109
39 5 109
47 5 109
55 5 109
59 5 109
60 5 109
61 5 109
62 5 109
31 5 110
39 5 110
47 5 110
55 5 110
59 5 110
60 5 110
61 5 110
62 5 110
31 5 111
39 5 111
47 5 111
55 5 111
59 5 111
60 5 111
61 5 111
62 5 111
31 5 112
39 5 112
47 5 112
55 5 112
59 5 112
60 5 112
61 5 112
62 5 112
31 5 113
39 5 113
47 5 113
55 5 113
59 5 113
60 5 113
61 5 113
62 5 113
31 5 114
39 5 114
47 5 114
55 5 114
59 5 114
60 5 114
61 5 114
62 5 114
31 5 115
39 5 115
47 5 115
55 5 115
59 5 115
60 5 115
61 5 115
62 5 115
31 5 116
39 5 116
47 5 116
55 5 116
59 5 116
60 5 116
61 5 116
62 5 116
31 5 117
39 5 117
47 5 117
55 5 117
59 5 117
60 5 117
61 5 117
62 5 117
31 5 118
39 5 118
47 5 118
55 5 118
59 5 118
60 5 118
61 5 118
62 5 118
31 5 119
39 5 119
47 5 119
55 5 119
59 5 119
60 5 119
61 5 119
62 5 119
31 5 120
39 5 120
47 5 120
55 5 120
59 5 120
60 5 120
61 5 120
62 5 120
31 5 121
39 5 121
47 5 121
55 5 121
59 5 121
60 5 121
61 5 121
62 5 121
31 5 122
39 5 122
47 5 122
55 5 122
59 5 122
60 5 122
61 5 122
62 5 122
31 5 123
39 5 123
47 5 123
55 5 123
59 5 123
60 5 123
61 5 123
62 5 123
31 5 124
39 5 124
47 5 124
55 5 124
59 5 124
60 5 124
61 5 124
62 5 124
31 5 125
39 5 125
47 5 125
55 5 125
59 5 125
60 5 125
61 5 125
62 5 125
31 5 126
39 5 126
47 5 126
55 5 126
59 5 126
60 5 126
61 5 126
62 5 126
31 5 127
39 5 127
47 5 127
55 5 127
59 5 127
60 5 127
61 5 127
62 5 127
31 5 128
39 5 128
47 5 128
55 5 128
59 5 128
60 5 128
61 5 128
62 5 128
31 5 129
39 5 129
47 5 129
55 5 129
59 5 129
60 5 129
61 5 129
62 5 129
31 5 130
39 5 130
47 5 130
55 5 130
59 5 130
60 5 130
61 5 130
62 5 130
31 5 131
39 5 131
47 5 131
55 5 131
59 5 131
60 5 131
61 5 131
62 5 131
31 5 132
39 5 132
47 5 132
55 5 132
59 5 132
60 5 132
61 5 132
62 5 132
31 5 133
39 5 133
47 5 133
55 5 133
59 5 133
60 5 133
61 5 133
62 5 133
31 5 134
39 5 134
47 5 134
55 5 134
59 5 134
60 5 134
61 5 134
62 5 134
31 5 135
39 5 135
47 5 135
55 5 135
59 5 135
60 5 135
61 5 135
62 5 135
31 5 136
39 5 136
47 5 136
55 5 136
59 5 136
60 5 136
61 5 136
62 5 136
31 5 137
39 5 137
47 5 137
55 5 137
59 5 137
60 5 137
61 5 137
62 5 137
31 5 138
39 5 138
47 5 138
55 5 138
59 5 138
60 5 138
61 5 138
62 5 138
31 5 139
39 5 139
47 5 139
55 5 139
59 5 139
60 5 139
61 5 139
62 5 139
31 5 140
39 5 140
47 5 140
55 5 140
59 5 140
60 5 140
61 5 140
62 5 140
31 5 141
39 5 141
47 5 141
55 5 141
59 5 141
60 5 141
61 5 141
62 5 141
31 5 142
39 5 142
47 5 142
55 5 142
59 5 142
60 5 142
61 5 142
62 5 142
31 5 143
39 5 143
47 5 143
55 5 143
59 5 143
60 5 143
61 5 143
62 5 143
31 5 144
39 5 144
47 5 144
55 5 144
59 5 144
60 5 144
61 5 144
62 5 144
31 6 145
39 6 145
47 6 145
55 6 145
59 6 145
60 6 145
61 6 145
62 6 145
31 6 146
39 6 146
47 6 146
55 6 146
59 6 146
60 6 146
61 6 146
62 6 146
31 6 147
39 6 147
47 6 147
55 6 147
59 6 147
60 6 147
61 6 147
62 6 147
31 6 148
39 6 148
47 6 148
55 6 148
59 6 148
60 6 148
61 6 148
62 6 148
31 6 149
39 6 149
47 6 149
55 6 149
59 6 149
60 6 149
61 6 149
62 6 149
31 6 150
39 6 150
47 6 150
55 6 150
59 6 150
60 6 150
61 6 150
62 6 150
31 6 151
39 6 151
47 6 151
55 6 151
59 6 151
60 6 151
61 6 151
62 6 151
31 6 152
39 6 152
47 6 152
55 6 152
59 6 152
60 6 152
61 6 152
62 6 152
31 6 153
39 6 153
47 6 153
55 6 153
59 6 153
60 6 153
61 6 153
62 6 153
31 6 154
39 6 154
47 6 154
55 6 154
59 6 154
60 6 154
61 6 154
62 6 154
31 6 155
39 6 155
47 6 155
55 6 155
59 6 155
60 6 155
61 6 155
62 6 155
31 6 156
39 6 156
47 6 156
55 6 156
59 6 156
60 6 156
61 6 156
62 6 156
31 6 157
39 6 157
47 6 157
55 6 157
59 6 157
60 6 157
61 6 157
62 6 157
31 6 158
39 6 158
47 6 158
55 6 158
59 6 158
60 6 158
61 6 158
62 6 158
31 6 159
39 6 159
47 6 159
55 6 159
59 6 159
60 6 159
61 6 159
62 6 159
31 6 160
39 6 160
47 6 160
55 6 160
59 6 160
60 6 160
61 6 160
62 6 160
31 6 161
39 6 161
47 6 161
55 6 161
59 6 161
60 6 161
61 6 161
62 6 161
31 6 162
39 6 162
47 6 162
55 6 162
59 6 162
60 6 162
61 6 162
62 6 162
31 6 163
39 6 163
47 6 163
55 6 163
59 6 163
60 6 163
61 6 163
62 6 163
31 6 164
39 6 164
47 6 164
55 6 164
59 6 164
60 6 164
61 6 164
62 6 164
31 6 165
39 6 165
47 6 165
55 6 165
59 6 165
60 6 165
61 6 165
62 6 165
31 6 166
39 6 166
47 6 166
55 6 166
59 6 166
60 6 166
61 6 166
62 6 166
31 6 167
39 6 167
47 6 167
55 6 167
59 6 167
60 6 167
61 6 167
62 6 167
31 6 168
39 6 168
47 6 168
55 6 168
59 6 168
60 6 168
61 6 168
62 6 168
31 6 169
39 6 169
47 6 169
55 6 169
59 6 169
60 6 169
61 6 169
62 6 169
31 6 170
39 6 170
47 6 170
55 6 170
59 6 170
60 6 170
61 6 170
62 6 170
31 6 171
39 6 171
47 6 171
55 6 171
59 6 171
60 6 171
61 6 171
62 6 171
31 6 172
39 6 172
47 6 172
55 6 172
59 6 172
60 6 172
61 6 172
62 6 172
31 6 173
39 6 173
47 6 173
55 6 173
59 6 173
60 6 173
61 6 173
62 6 173
31 6 174
39 6 174
47 6 174
55 6 174
59 6 174
60 6 174
61 6 174
62 6 174
31 6 175
39 6 175
47 6 175
55 6 175
59 6 175
60 6 175
61 6 175
62 6 175
31 6 176
39 6 176
47 6 176
55 6 176
59 6 176
60 6 176
61 6 176
62 6 176
31 6 177
39 6 177
47 6 177
55 6 177
59 6 177
60 6 177
61 6 177
62 6 177
31 6 178
39 6 178
47 6 178
55 6 178
59 6 178
60 6 178
61 6 178
62 6 178
31 6 179
39 6 179
47 6 179
55 6 179
59 6 179
60 6 179
61 6 179
62 6 179
31 6 180
39 6 180
47 6 180
55 6 180
59 6 180
60 6 180
61 6 180
62 6 180
31 6 181
39 6 181
47 6 181
55 6 181
59 6 181
60 6 181
61 6 181
62 6 181
31 6 182
39 6 182
47 6 182
55 6 182
59 6 182
60 6 182
61 6 182
62 6 182
31 6 183
39 6 183
47 6 183
55 6 183
59 6 183
60 6 183
61 6 183
62 6 183
31 6 184
39 6 184
47 6 184
55 6 184
59 6 184
60 6 184
61 6 184
62 6 184
31 6 185
39 6 185
47 6 185
55 6 185
59 6 185
60 6 185
61 6 185
62 6 185
31 6 186
39 6 186
47 6 186
55 6 186
59 6 186
60 6 186
61 6 186
62 6 186
31 6 187
39 6 187
47 6 187
55 6 187
59 6 187
60 6 187
61 6 187
62 6 187
31 6 188
39 6 188
47 6 188
55 6 188
59 6 188
60 6 188
61 6 188
62 6 188
31 6 189
39 6 189
47 6 189
55 6 189
59 6 189
60 6 189
61 6 189
62 6 189
31 6 190
39 6 190
47 6 190
55 6 190
59 6 190
60 6 190
61 6 190
62 6 190
31 6 191
39 6 191
47 6 191
55 6 191
59 6 191
60 6 191
61 6 191
62 6 191
31 6 192
39 6 192
47 6 192
55 6 192
59 6 192
60 6 192
61 6 192
62 6 192
31 16 193
39 16 193
47 16 193
55 16 193
59 16 193
60 16 193
61 16 193
62 16 193
31 16 194
39 16 194
47 16 194
55 16 194
59 16 194
60 16 194
61 16 194
62 16 194
31 16 195
39 16 195
47 16 195
55 16 195
59 16 195
60 16 195
61 16 195
62 16 195
31 16 196
39 16 196
47 16 196
55 16 196
59 16 196
60 16 196
61 16 196
62 16 196
31 16 197
39 16 197
47 16 197
55 16 197
59 16 197
60 16 197
61 16 197
62 16 197
31 16 198
39 16 198
47 16 198
55 16 198
59 16 198
60 16 198
61 16 198
62 16 198
31 16 199
39 16 199
47 16 199
55 16 199
59 16 199
60 16 199
61 16 199
62 16 199
31 16 200
39 16 200
47 16 200
55 16 200
59 16 200
60 16 200
61 16 200
62 16 200
31 16 201
39 16 201
47 16 201
55 16 201
59 16 201
60 16 201
61 16 201
62 16 201
31 16 202
39 16 202
47 16 202
55 16 202
59 16 202
60 16 202
61 16 202
62 16 202
31 16 203
39 16 203
47 16 203
55 16 203
59 16 203
60 16 203
61 16 203
62 16 203
31 16 204
39 16 204
47 16 204
55 16 204
59 16 204
60 16 204
61 16 204
62 16 204
31 16 205
39 16 205
47 16 205
55 16 205
59 16 205
60 16 205
61 16 205
62 16 205
31 16 206
39 16 206
47 16 206
55 16 206
59 16 206
60 16 206
61 16 206
62 16 206
31 16 207
39 16 207
47 16 207
55 16 207
59 16 207
60 16 207
61 16 207
62 16 207
31 16 208
39 16 208
47 16 208
55 16 208
59 16 208
60 16 208
61 16 208
62 16 208
31 16 209
39 16 209
47 16 209
55 16 209
59 16 209
60 16 209
61 16 209
62 16 209
31 16 210
39 16 210
47 16 210
55 16 210
59 16 210
60 16 210
61 16 210
62 16 210
31 16 211
39 16 211
47 16 211
55 16 211
59 16 211
60 16 211
61 16 211
62 16 211
31 16 212
39 16 212
47 16 212
55 16 212
59 16 212
60 16 212
61 16 212
62 16 212
31 16 213
39 16 213
47 16 213
55 16 213
59 16 213
60 16 213
61 16 213
62 16 213
31 16 214
39 16 214
47 16 214
55 16 214
59 16 214
60 16 214
61 16 214
62 16 214
31 16 215
39 16 215
47 16 215
55 16 215
59 16 215
60 16 215
61 16 215
62 16 215
31 16 216
39 16 216
47 16 216
55 16 216
59 16 216
60 16 216
61 16 216
62 16 216
31 16 217
39 16 217
47 16 217
55 16 217
59 16 217
60 16 217
61 16 217
62 16 217
31 16 218
39 16 218
47 16 218
55 16 218
59 16 218
60 16 218
61 16 218
62 16 218
31 16 219
39 16 219
47 16 219
55 16 219
59 16 219
60 16 219
61 16 219
62 16 219
31 16 220
39 16 220
47 16 220
55 16 220
59 16 220
60 16 220
61 16 220
62 16 220
31 16 221
39 16 221
47 16 221
55 16 221
59 16 221
60 16 221
61 16 221
62 16 221
31 16 222
39 16 222
47 16 222
55 16 222
59 16 222
60 16 222
61 16 222
62 16 222
31 16 223
39 16 223
47 16 223
55 16 223
59 16 223
60 16 223
61 16 223
62 16 223
31 16 224
39 16 224
47 16 224
55 16 224
59 16 224
60 16 224
61 16 224
62 16 224
31 16 225
39 16 225
47 16 225
55 16 225
59 16 225
60 16 225
61 16 225
62 16 225
31 16 226
39 16 226
47 16 226
55 16 226
59 16 226
60 16 226
61 16 226
62 16 226
31 16 227
39 16 227
47 16 227
55 16 227
59 16 227
60 16 227
61 16 227
62 16 227
31 16 228
39 16 228
47 16 228
55 16 228
59 16 228
60 16 228
61 16 228
62 16 228
31 16 229
39 16 229
47 16 229
55 16 229
59 16 229
60 16 229
61 16 229
62 16 229
31 16 230
39 16 230
47 16 230
55 16 230
59 16 230
60 16 230
61 16 230
62 16 230
31 16 231
39 16 231
47 16 231
55 16 231
59 16 231
60 16 231
61 16 231
62 16 231
31 16 232
39 16 232
47 16 232
55 16 232
59 16 232
60 16 232
61 16 232
62 16 232
31 16 233
39 16 233
47 16 233
55 16 233
59 16 233
60 16 233
61 16 233
62 16 233
31 16 234
39 16 234
47 16 234
55 16 234
59 16 234
60 16 234
61 16 234
62 16 234
31 16 235
39 16 235
47 16 235
55 16 235
59 16 235
60 16 235
61 16 235
62 16 235
31 16 236
39 16 236
47 16 236
55 16 236
59 16 236
60 16 236
61 16 236
62 16 236
31 16 237
39 16 237
47 16 237
55 16 237
59 16 237
60 16 237
61 16 237
62 16 237
31 16 238
39 16 238
47 16 238
55 16 238
59 16 238
60 16 238
61 16 238
62 16 238
31 16 239
39 16 239
47 16 239
55 16 239
59 16 239
60 16 239
61 16 239
62 16 239
31 16 240
39 16 240
47 16 240
55 16 240
59 16 240
60 16 240
61 16 240
62 16 240
31 24 241
39 24 241
47 24 241
55 24 241
59 24 241
60 24 241
61 24 241
62 24 241
31 24 242
39 24 242
47 24 242
55 24 242
59 24 242
60 24 242
61 24 242
62 24 242
31 24 243
39 24 243
47 24 243
55 24 243
59 24 243
60 24 243
61 24 243
62 24 243
31 24 244
39 24 244
47 24 244
55 24 244
59 24 244
60 24 244
61 24 244
62 24 244
31 24 245
39 24 245
47 24 245
55 24 245
59 24 245
60 24 245
61 24 245
62 24 245
31 24 246
39 24 246
47 24 246
55 24 246
59 24 246
60 24 246
61 24 246
62 24 246
31 24 247
39 24 247
47 24 247
55 24 247
59 24 247
60 24 247
61 24 247
62 24 247
31 24 248
39 24 248
47 24 248
55 24 248
59 24 248
60 24 248
61 24 248
62 24 248
31 24 249
39 24 249
47 24 249
55 24 249
59 24 249
60 24 249
61 24 249
62 24 249
31 24 250
39 24 250
47 24 250
55 24 250
59 24 250
60 24 250
61 24 250
62 24 250
31 24 251
39 24 251
47 24 251
55 24 251
59 24 251
60 24 251
61 24 251
62 24 251
31 24 252
39 24 252
47 24 252
55 24 252
59 24 252
60 24 252
61 24 252
62 24 252
31 24 253
39 24 253
47 24 253
55 24 253
59 24 253
60 24 253
61 24 253
62 24 253
31 24 254
39 24 254
47 24 254
55 24 254
59 24 254
60 24 254
61 24 254
62 24 254
31 24 255
39 24 255
47 24 255
55 24 255
59 24 255
60 24 255
61 24 255
62 24 255
31 24 256
39 24 256
47 24 256
55 24 256
59 24 256
60 24 256
61 24 256
62 24 256
31 24 257
39 24 257
47 24 257
55 24 257
59 24 257
60 24 257
61 24 257
62 24 257
31 24 258
39 24 258
47 24 258
55 24 258
59 24 258
60 24 258
61 24 258
62 24 258
31 24 259
39 24 259
47 24 259
55 24 259
59 24 259
60 24 259
61 24 259
62 24 259
31 24 260
39 24 260
47 24 260
55 24 260
59 24 260
60 24 260
61 24 260
62 24 260
31 24 261
39 24 261
47 24 261
55 24 261
59 24 261
60 24 261
61 24 261
62 24 261
31 24 262
39 24 262
47 24 262
55 24 262
59 24 262
60 24 262
61 24 262
62 24 262
31 24 263
39 24 263
47 24 263
55 24 263
59 24 263
60 24 263
61 24 263
62 24 263
31 24 264
39 24 264
47 24 264
55 24 264
59 24 264
60 24 264
61 24 264
62 24 264
31 24 265
39 24 265
47 24 265
55 24 265
59 24 265
60 24 265
61 24 265
62 24 265
31 24 266
39 24 266
47 24 266
55 24 266
59 24 266
60 24 266
61 24 266
62 24 266
31 24 267
39 24 267
47 24 267
55 24 267
59 24 267
60 24 267
61 24 267
62 24 267
31 24 268
39 24 268
47 24 268
55 24 268
59 24 268
60 24 268
61 24 268
62 24 268
31 24 269
39 24 269
47 24 269
55 24 269
59 24 269
60 24 269
61 24 269
62 24 269
31 24 270
39 24 270
47 24 270
55 24 270
59 24 270
60 24 270
61 24 270
62 24 270
31 24 271
39 24 271
47 24 271
55 24 271
59 24 271
60 24 271
61 24 271
62 24 271
31 24 272
39 24 272
47 24 272
55 24 272
59 24 272
60 24 272
61 24 272
62 24 272
31 24 273
39 24 273
47 24 273
55 24 273
59 24 273
60 24 273
61 24 273
62 24 273
31 24 274
39 24 274
47 24 274
55 24 274
59 24 274
60 24 274
61 24 274
62 24 274
31 24 275
39 24 275
47 24 275
55 24 275
59 24 275
60 24 275
61 24 275
62 24 275
31 24 276
39 24 276
47 24 276
55 24 276
59 24 276
60 24 276
61 24 276
62 24 276
31 24 277
39 24 277
47 24 277
55 24 277
59 24 277
60 24 277
61 24 277
62 24 277
31 24 278
39 24 278
47 24 278
55 24 278
59 24 278
60 24 278
61 24 278
62 24 278
31 24 279
39 24 279
47 24 279
55 24 279
59 24 279
60 24 279
61 24 279
62 24 279
31 24 280
39 24 280
47 24 280
55 24 280
59 24 280
60 24 280
61 24 280
62 24 280
31 24 281
39 24 281
47 24 281
55 24 281
59 24 281
60 24 281
61 24 281
62 24 281
31 24 282
39 24 282
47 24 282
55 24 282
59 24 282
60 24 282
61 24 282
62 24 282
31 24 283
39 24 283
47 24 283
55 24 283
59 24 283
60 24 283
61 24 283
62 24 283
31 24 284
39 24 284
47 24 284
55 24 284
59 24 284
60 24 284
61 24 284
62 24 284
31 24 285
39 24 285
47 24 285
55 24 285
59 24 285
60 24 285
61 24 285
62 24 285
31 24 286
39 24 286
47 24 286
55 24 286
59 24 286
60 24 286
61 24 286
62 24 286
31 24 287
39 24 287
47 24 287
55 24 287
59 24 287
60 24 287
61 24 287
62 24 287
31 24 288
39 24 288
47 24 288
55 24 288
59 24 288
60 24 288
61 24 288
62 24 288
31 32 289
39 32 289
47 32 289
55 32 289
59 32 289
60 32 289
61 32 289
62 32 289
31 32 290
39 32 290
47 32 290
55 32 290
59 32 290
60 32 290
61 32 290
62 32 290
31 32 291
39 32 291
47 32 291
55 32 291
59 32 291
60 32 291
61 32 291
62 32 291
31 32 292
39 32 292
47 32 292
55 32 292
59 32 292
60 32 292
61 32 292
62 32 292
31 32 293
39 32 293
47 32 293
55 32 293
59 32 293
60 32 293
61 32 293
62 32 293
31 32 294
39 32 294
47 32 294
55 32 294
59 32 294
60 32 294
61 32 294
62 32 294
31 32 295
39 32 295
47 32 295
55 32 295
59 32 295
60 32 295
61 32 295
62 32 295
31 32 296
39 32 296
47 32 296
55 32 296
59 32 296
60 32 296
61 32 296
62 32 296
31 32 297
39 32 297
47 32 297
55 32 297
59 32 297
60 32 297
61 32 297
62 32 297
31 32 298
39 32 298
47 32 298
55 32 298
59 32 298
60 32 298
61 32 298
62 32 298
31 32 299
39 32 299
47 32 299
55 32 299
59 32 299
60 32 299
61 32 299
62 32 299
31 32 300
39 32 300
47 32 300
55 32 300
59 32 300
60 32 300
61 32 300
62 32 300
31 32 301
39 32 301
47 32 301
55 32 301
59 32 301
60 32 301
61 32 301
62 32 301
31 32 302
39 32 302
47 32 302
55 32 302
59 32 302
60 32 302
61 32 302
62 32 302
31 32 303
39 32 303
47 32 303
55 32 303
59 32 303
60 32 303
61 32 303
62 32 303
31 32 304
39 32 304
47 32 304
55 32 304
59 32 304
60 32 304
61 32 304
62 32 304
31 32 305
39 32 305
47 32 305
55 32 305
59 32 305
60 32 305
61 32 305
62 32 305
31 32 306
39 32 306
47 32 306
55 32 306
59 32 306
60 32 306
61 32 306
62 32 306
31 32 307
39 32 307
47 32 307
55 32 307
59 32 307
60 32 307
61 32 307
62 32 307
31 32 308
39 32 308
47 32 308
55 32 308
59 32 308
60 32 308
61 32 308
62 32 308
31 32 309
39 32 309
47 32 309
55 32 309
59 32 309
60 32 309
61 32 309
62 32 309
31 32 310
39 32 310
47 32 310
55 32 310
59 32 310
60 32 310
61 32 310
62 32 310
31 32 311
39 32 311
47 32 311
55 32 311
59 32 311
60 32 311
61 32 311
62 32 311
31 32 312
39 32 312
47 32 312
55 32 312
59 32 312
60 32 312
61 32 312
62 32 312
31 32 313
39 32 313
47 32 313
55 32 313
59 32 313
60 32 313
61 32 313
62 32 313
31 32 314
39 32 314
47 32 314
55 32 314
59 32 314
60 32 314
61 32 314
62 32 314
31 32 315
39 32 315
47 32 315
55 32 315
59 32 315
60 32 315
61 32 315
62 32 315
31 32 316
39 32 316
47 32 316
55 32 316
59 32 316
60 32 316
61 32 316
62 32 316
31 32 317
39 32 317
47 32 317
55 32 317
59 32 317
60 32 317
61 32 317
62 32 317
31 32 318
39 32 318
47 32 318
55 32 318
59 32 318
60 32 318
61 32 318
62 32 318
31 32 319
39 32 319
47 32 319
55 32 319
59 32 319
60 32 319
61 32 319
62 32 319
31 32 320
39 32 320
47 32 320
55 32 320
59 32 320
60 32 320
61 32 320
62 32 320
31 32 321
39 32 321
47 32 321
55 32 321
59 32 321
60 32 321
61 32 321
62 32 321
31 32 322
39 32 322
47 32 322
55 32 322
59 32 322
60 32 322
61 32 322
62 32 322
31 32 323
39 32 323
47 32 323
55 32 323
59 32 323
60 32 323
61 32 323
62 32 323
31 32 324
39 32 324
47 32 324
55 32 324
59 32 324
60 32 324
61 32 324
62 32 324
31 32 325
39 32 325
47 32 325
55 32 325
59 32 325
60 32 325
61 32 325
62 32 325
31 32 326
39 32 326
47 32 326
55 32 326
59 32 326
60 32 326
61 32 326
62 32 326
31 32 327
39 32 327
47 32 327
55 32 327
59 32 327
60 32 327
61 32 327
62 32 327
31 32 328
39 32 328
47 32 328
55 32 328
59 32 328
60 32 328
61 32 328
62 32 328
31 32 329
39 32 329
47 32 329
55 32 329
59 32 329
60 32 329
61 32 329
62 32 329
31 32 330
39 32 330
47 32 330
55 32 330
59 32 330
60 32 330
61 32 330
62 32 330
31 32 331
39 32 331
47 32 331
55 32 331
59 32 331
60 32 331
61 32 331
62 32 331
31 32 332
39 32 332
47 32 332
55 32 332
59 32 332
60 32 332
61 32 332
62 32 332
31 32 333
39 32 333
47 32 333
55 32 333
59 32 333
60 32 333
61 32 333
62 32 333
31 32 334
39 32 334
47 32 334
55 32 334
59 32 334
60 32 334
61 32 334
62 32 334
31 32 335
39 32 335
47 32 335
55 32 335
59 32 335
60 32 335
61 32 335
62 32 335
31 32 336
39 32 336
47 32 336
55 32 336
59 32 336
60 32 336
61 32 336
62 32 336
31 40 337
39 40 337
47 40 337
55 40 337
59 40 337
60 40 337
61 40 337
62 40 337
31 40 338
39 40 338
47 40 338
55 40 338
59 40 338
60 40 338
61 40 338
62 40 338
31 40 339
39 40 339
47 40 339
55 40 339
59 40 339
60 40 339
61 40 339
62 40 339
31 40 340
39 40 340
47 40 340
55 40 340
59 40 340
60 40 340
61 40 340
62 40 340
31 40 341
39 40 341
47 40 341
55 40 341
59 40 341
60 40 341
61 40 341
62 40 341
31 40 342
39 40 342
47 40 342
55 40 342
59 40 342
60 40 342
61 40 342
62 40 342
31 40 343
39 40 343
47 40 343
55 40 343
59 40 343
60 40 343
61 40 343
62 40 343
31 40 344
39 40 344
47 40 344
55 40 344
59 40 344
60 40 344
61 40 344
62 40 344
31 40 345
39 40 345
47 40 345
55 40 345
59 40 345
60 40 345
61 40 345
62 40 345
31 40 346
39 40 346
47 40 346
55 40 346
59 40 346
60 40 346
61 40 346
62 40 346
31 40 347
39 40 347
47 40 347
55 40 347
59 40 347
60 40 347
61 40 347
62 40 347
31 40 348
39 40 348
47 40 348
55 40 348
59 40 348
60 40 348
61 40 348
62 40 348
31 40 349
39 40 349
47 40 349
55 40 349
59 40 349
60 40 349
61 40 349
62 40 349
31 40 350
39 40 350
47 40 350
55 40 350
59 40 350
60 40 350
61 40 350
62 40 350
31 40 351
39 40 351
47 40 351
55 40 351
59 40 351
60 40 351
61 40 351
62 40 351
31 40 352
39 40 352
47 40 352
55 40 352
59 40 352
60 40 352
61 40 352
62 40 352
31 40 353
39 40 353
47 40 353
55 40 353
59 40 353
60 40 353
61 40 353
62 40 353
31 40 354
39 40 354
47 40 354
55 40 354
59 40 354
60 40 354
61 40 354
62 40 354
31 40 355
39 40 355
47 40 355
55 40 355
59 40 355
60 40 355
61 40 355
62 40 355
31 40 356
39 40 356
47 40 356
55 40 356
59 40 356
60 40 356
61 40 356
62 40 356
31 40 357
39 40 357
47 40 357
55 40 357
59 40 357
60 40 357
61 40 357
62 40 357
31 40 358
39 40 358
47 40 358
55 40 358
59 40 358
60 40 358
61 40 358
62 40 358
31 40 359
39 40 359
47 40 359
55 40 359
59 40 359
60 40 359
61 40 359
62 40 359
31 40 360
39 40 360
47 40 360
55 40 360
59 40 360
60 40 360
61 40 360
62 40 360
31 40 361
39 40 361
47 40 361
55 40 361
59 40 361
60 40 361
61 40 361
62 40 361
31 40 362
39 40 362
47 40 362
55 40 362
59 40 362
60 40 362
61 40 362
62 40 362
31 40 363
39 40 363
47 40 363
55 40 363
59 40 363
60 40 363
61 40 363
62 40 363
31 40 364
39 40 364
47 40 364
55 40 364
59 40 364
60 40 364
61 40 364
62 40 364
31 40 365
39 40 365
47 40 365
55 40 365
59 40 365
60 40 365
61 40 365
62 40 365
31 40 366
39 40 366
47 40 366
55 40 366
59 40 366
60 40 366
61 40 366
62 40 366
31 40 367
39 40 367
47 40 367
55 40 367
59 40 367
60 40 367
61 40 367
62 40 367
31 40 368
39 40 368
47 40 368
55 40 368
59 40 368
60 40 368
61 40 368
62 40 368
31 40 369
39 40 369
47 40 369
55 40 369
59 40 369
60 40 369
61 40 369
62 40 369
31 40 370
39 40 370
47 40 370
55 40 370
59 40 370
60 40 370
61 40 370
62 40 370
31 40 371
39 40 371
47 40 371
55 40 371
59 40 371
60 40 371
61 40 371
62 40 371
31 40 372
39 40 372
47 40 372
55 40 372
59 40 372
60 40 372
61 40 372
62 40 372
31 40 373
39 40 373
47 40 373
55 40 373
59 40 373
60 40 373
61 40 373
62 40 373
31 40 374
39 40 374
47 40 374
55 40 374
59 40 374
60 40 374
61 40 374
62 40 374
31 40 375
39 40 375
47 40 375
55 40 375
59 40 375
60 40 375
61 40 375
62 40 375
31 40 376
39 40 376
47 40 376
55 40 376
59 40 376
60 40 376
61 40 376
62 40 376
31 40 377
39 40 377
47 40 377
55 40 377
59 40 377
60 40 377
61 40 377
62 40 377
31 40 378
39 40 378
47 40 378
55 40 378
59 40 378
60 40 378
61 40 378
62 40 378
31 40 379
39 40 379
47 40 379
55 40 379
59 40 379
60 40 379
61 40 379
62 40 379
31 40 380
39 40 380
47 40 380
55 40 380
59 40 380
60 40 380
61 40 380
62 40 380
31 40 381
39 40 381
47 40 381
55 40 381
59 40 381
60 40 381
61 40 381
62 40 381
31 40 382
39 40 382
47 40 382
55 40 382
59 40 382
60 40 382
61 40 382
62 40 382
31 40 383
39 40 383
47 40 383
55 40 383
59 40 383
60 40 383
61 40 383
62 40 383
31 40 384
39 40 384
47 40 384
55 40 384
59 40 384
60 40 384
61 40 384
62 40 384
