4290
4260
4248
4250
4238
4216
4190
4174
4176
4194
4198
4192
4182
4176
4188
4218
4234
4240
4242
4240
4256
4240
4212
4202
4208
4200
4182
4160
4148
4154
4178
4188
4188
4184
4182
4198
4234
4256
4268
4276
4278
4298
4222
4198
4192
4204
4202
4190
4174
4166
4176
4206
4222
4228
4230
4232
4252
4292
4318
4334
4346
4350
4372
4278
4254
4250
4250
4234
4208
4178
4168
4178
4194
4194
4184
4170
4170
4190
4218
4230
4232
4230
4234
4258
4228
4206
4204
4208
4196
4174
4148
4142
4156
4178
4184
4180
4172
4176
4200
4234
4252
4260
4264
4272
4300
4210
4192
4194
4204
4198
4182
4162
4160
4178
4206
4218
4220
4218
4226
4254
4292
4314
4326
4334
4344
4374
4230
4170
4134
4130
4112
4078
4034
3988
3966
3984
3988
3976
3954
3924
3918
3954
3976
3982
3978
3958
3962
4192
4134
4100
4100
4086
4056
4016
3974
3956
3980
3990
3984
3968
3942
3940
3982
4010
4022
4024
4008
4016
4192
4138
4108
4114
4106
4082
4048
4010
3996
4026
4042
4042
4032
4010
4012
4058
4090
4106
4112
4098
4108
4230
4176
4148
4142
4120
4082
4034
3994
3980
3996
3996
3980
3954
3930
3932
3966
3984
3986
3978
3964
3976
4192
4140
4114
4112
4094
4060
4016
3980
3970
3992
3998
3988
3968
3948
3954
3994
4018
4026
4024
4014
4030
4192
4144
4122
4126
4114
4086
4048
4016
4010
4038
4050
4046
4032
4016
4026
4070
4098
4110
4112
4104
4122
4362
4266
4200
4190
4166
4126
4070
3988
3936
3948
3946
3928
3894
3828
3792
3828
3850
3856
3846
3796
3776
4342
4248
4184
4178
4158
4122
4070
3992
3944
3962
3966
3954
3926
3864
3832
3874
3902
3914
3910
3864
3848
4366
4276
4216
4216
4202
4172
4126
4052
4008
4032
4042
4036
4014
3956
3928
3974
4006
4022
4022
3978
3964
4380
4290
4232
4220
4192
4148
4088
4012
3968
3978
3972
3950
3912
3852
3824
3858
3876
3878
3864
3820
3808
4360
4272
4216
4208
4184
4144
4088
4016
3976
3992
3992
3976
3944
3888
3864
3904
3928
3936
3928
3888
3880
4384
4300
4248
4246
4228
4194
4144
4076
4040
4062
4068
4058
4032
3980
3960
4004
4032
4044
4040
4002
3996
4656
4536
4440
4424
4400
4360
4304
4192
4104
4104
4096
4072
4032
3936
3864
3888
3904
3904
3888
3808
3752
4660
4542
4448
4436
4416
4380
4328
4220
4136
4142
4140
4122
4088
3996
3928
3958
3980
3986
3976
3900
3848
4702
4588
4498
4492
4478
4448
4402
4298
4218
4230
4234
4222
4194
4106
4042
4076
4102
4112
4106
4032
3982
4698
4584
4496
4478
4450
4406
4346
4240
4160
4158
4146
4118
4074
3984
3920
3942
3954
3950
3930
3856
3808
4702
4590
4504
4490
4466
4426
4370
4268
4192
4196
4190
4168
4130
4044
3984
4012
4030
4032
4018
3948
3904
4744
4636
4554
4546
4528
4494
4444
4346
4274
4284
4284
4268
4236
4154
4098
4130
4152
4158
4148
4080
4038
