27 2 1
28 2 1
29 2 1
30 2 1
33 2 1
34 2 1
35 2 1
36 2 1
37 2 1
38 2 1
41 2 1
42 2 1
43 2 1
44 2 1
45 2 1
46 2 1
7 2 1
15 2 1
23 2 1
31 2 1
56 2 1
57 2 1
58 2 1
59 2 1
27 3 2
28 3 2
29 3 2
30 3 2
33 3 2
34 3 2
35 3 2
36 3 2
37 3 2
38 3 2
41 3 2
42 3 2
43 3 2
44 3 2
45 3 2
46 3 2
7 2 2
15 2 2
23 2 2
31 2 2
56 2 2
57 2 2
58 2 2
59 2 2
27 4 3
28 4 3
29 4 3
30 4 3
33 4 3
34 4 3
35 4 3
36 4 3
37 4 3
38 4 3
41 4 3
42 4 3
43 4 3
44 4 3
45 4 3
46 4 3
7 2 3
15 2 3
23 2 3
31 2 3
56 2 3
57 2 3
58 2 3
59 2 3
27 5 4
28 5 4
29 5 4
30 5 4
33 5 4
34 5 4
35 5 4
36 5 4
37 5 4
38 5 4
41 5 4
42 5 4
43 5 4
44 5 4
45 5 4
46 5 4
7 2 4
15 2 4
23 2 4
31 2 4
56 2 4
57 2 4
58 2 4
59 2 4
27 16 5
28 16 5
29 16 5
30 16 5
33 16 5
34 16 5
35 16 5
36 16 5
37 16 5
38 16 5
41 16 5
42 16 5
43 16 5
44 16 5
45 16 5
46 16 5
7 2 5
15 2 5
23 2 5
31 2 5
56 2 5
57 2 5
58 2 5
59 2 5
27 24 6
28 24 6
29 24 6
30 24 6
33 24 6
34 24 6
35 24 6
36 24 6
37 24 6
38 24 6
41 24 6
42 24 6
43 24 6
44 24 6
45 24 6
46 24 6
7 2 6
15 2 6
23 2 6
31 2 6
56 2 6
57 2 6
58 2 6
59 2 6
27 32 7
28 32 7
29 32 7
30 32 7
33 32 7
34 32 7
35 32 7
36 32 7
37 32 7
38 32 7
41 32 7
42 32 7
43 32 7
44 32 7
45 32 7
46 32 7
7 2 7
15 2 7
23 2 7
31 2 7
56 2 7
57 2 7
58 2 7
59 2 7
27 40 8
28 40 8
29 40 8
30 40 8
33 40 8
34 40 8
35 40 8
36 40 8
37 40 8
38 40 8
41 40 8
42 40 8
43 40 8
44 40 8
45 40 8
46 40 8
7 2 8
15 2 8
23 2 8
31 2 8
56 2 8
57 2 8
58 2 8
59 2 8
27 7 9
28 7 9
29 7 9
30 7 9
33 7 9
34 7 9
35 7 9
36 7 9
37 7 9
38 7 9
41 7 9
42 7 9
43 7 9
44 7 9
45 7 9
46 7 9
7 2 9
15 2 9
23 2 9
31 2 9
56 2 9
57 2 9
58 2 9
59 2 9
27 7 10
28 7 10
29 7 10
30 7 10
33 7 10
34 7 10
35 7 10
36 7 10
37 7 10
38 7 10
41 7 10
42 7 10
43 7 10
44 7 10
45 7 10
46 7 10
7 2 10
15 2 10
23 2 10
31 2 10
56 2 10
57 2 10
58 2 10
59 2 10
27 7 11
28 7 11
29 7 11
30 7 11
33 7 11
34 7 11
35 7 11
36 7 11
37 7 11
38 7 11
41 7 11
42 7 11
43 7 11
44 7 11
45 7 11
46 7 11
7 2 11
15 2 11
23 2 11
31 2 11
56 2 11
57 2 11
58 2 11
59 2 11
27 15 12
28 15 12
29 15 12
30 15 12
33 15 12
34 15 12
35 15 12
36 15 12
37 15 12
38 15 12
41 15 12
42 15 12
43 15 12
44 15 12
45 15 12
46 15 12
7 2 12
15 2 12
23 2 12
31 2 12
56 2 12
57 2 12
58 2 12
59 2 12
27 15 13
28 15 13
29 15 13
30 15 13
33 15 13
34 15 13
35 15 13
36 15 13
37 15 13
38 15 13
41 15 13
42 15 13
43 15 13
44 15 13
45 15 13
46 15 13
7 2 13
15 2 13
23 2 13
31 2 13
56 2 13
57 2 13
58 2 13
59 2 13
27 15 14
28 15 14
29 15 14
30 15 14
33 15 14
34 15 14
35 15 14
36 15 14
37 15 14
38 15 14
41 15 14
42 15 14
43 15 14
44 15 14
45 15 14
46 15 14
7 2 14
15 2 14
23 2 14
31 2 14
56 2 14
57 2 14
58 2 14
59 2 14
27 23 15
28 23 15
29 23 15
30 23 15
33 23 15
34 23 15
35 23 15
36 23 15
37 23 15
38 23 15
41 23 15
42 23 15
43 23 15
44 23 15
45 23 15
46 23 15
7 2 15
15 2 15
23 2 15
31 2 15
56 2 15
57 2 15
58 2 15
59 2 15
27 23 16
28 23 16
29 23 16
30 23 16
33 23 16
34 23 16
35 23 16
36 23 16
37 23 16
38 23 16
41 23 16
42 23 16
43 23 16
44 23 16
45 23 16
46 23 16
7 2 16
15 2 16
23 2 16
31 2 16
56 2 16
57 2 16
58 2 16
59 2 16
27 23 17
28 23 17
29 23 17
30 23 17
33 23 17
34 23 17
35 23 17
36 23 17
37 23 17
38 23 17
41 23 17
42 23 17
43 23 17
44 23 17
45 23 17
46 23 17
7 2 17
15 2 17
23 2 17
31 2 17
56 2 17
57 2 17
58 2 17
59 2 17
27 31 18
28 31 18
29 31 18
30 31 18
33 31 18
34 31 18
35 31 18
36 31 18
37 31 18
38 31 18
41 31 18
42 31 18
43 31 18
44 31 18
45 31 18
46 31 18
7 2 18
15 2 18
23 2 18
31 2 18
56 2 18
57 2 18
58 2 18
59 2 18
27 31 19
28 31 19
29 31 19
30 31 19
33 31 19
34 31 19
35 31 19
36 31 19
37 31 19
38 31 19
41 31 19
42 31 19
43 31 19
44 31 19
45 31 19
46 31 19
7 2 19
15 2 19
23 2 19
31 2 19
56 2 19
57 2 19
58 2 19
59 2 19
27 31 20
28 31 20
29 31 20
30 31 20
33 31 20
34 31 20
35 31 20
36 31 20
37 31 20
38 31 20
41 31 20
42 31 20
43 31 20
44 31 20
45 31 20
46 31 20
7 2 20
15 2 20
23 2 20
31 2 20
56 2 20
57 2 20
58 2 20
59 2 20
27 56 21
28 56 21
29 56 21
30 56 21
33 56 21
34 56 21
35 56 21
36 56 21
37 56 21
38 56 21
41 56 21
42 56 21
43 56 21
44 56 21
45 56 21
46 56 21
7 2 21
15 2 21
23 2 21
31 2 21
56 2 21
57 2 21
58 2 21
59 2 21
27 56 22
28 56 22
29 56 22
30 56 22
33 56 22
34 56 22
35 56 22
36 56 22
37 56 22
38 56 22
41 56 22
42 56 22
43 56 22
44 56 22
45 56 22
46 56 22
7 2 22
15 2 22
23 2 22
31 2 22
56 2 22
57 2 22
58 2 22
59 2 22
27 56 23
28 56 23
29 56 23
30 56 23
33 56 23
34 56 23
35 56 23
36 56 23
37 56 23
38 56 23
41 56 23
42 56 23
43 56 23
44 56 23
45 56 23
46 56 23
7 2 23
15 2 23
23 2 23
31 2 23
56 2 23
57 2 23
58 2 23
59 2 23
27 57 24
28 57 24
29 57 24
30 57 24
33 57 24
34 57 24
35 57 24
36 57 24
37 57 24
38 57 24
41 57 24
42 57 24
43 57 24
44 57 24
45 57 24
46 57 24
7 2 24
15 2 24
23 2 24
31 2 24
56 2 24
57 2 24
58 2 24
59 2 24
27 57 25
28 57 25
29 57 25
30 57 25
33 57 25
34 57 25
35 57 25
36 57 25
37 57 25
38 57 25
41 57 25
42 57 25
43 57 25
44 57 25
45 57 25
46 57 25
7 2 25
15 2 25
23 2 25
31 2 25
56 2 25
57 2 25
58 2 25
59 2 25
27 57 26
28 57 26
29 57 26
30 57 26
33 57 26
34 57 26
35 57 26
36 57 26
37 57 26
38 57 26
41 57 26
42 57 26
43 57 26
44 57 26
45 57 26
46 57 26
7 2 26
15 2 26
23 2 26
31 2 26
56 2 26
57 2 26
58 2 26
59 2 26
27 58 27
28 58 27
29 58 27
30 58 27
33 58 27
34 58 27
35 58 27
36 58 27
37 58 27
38 58 27
41 58 27
42 58 27
43 58 27
44 58 27
45 58 27
46 58 27
7 2 27
15 2 27
23 2 27
31 2 27
56 2 27
57 2 27
58 2 27
59 2 27
27 58 28
28 58 28
29 58 28
30 58 28
33 58 28
34 58 28
35 58 28
36 58 28
37 58 28
38 58 28
41 58 28
42 58 28
43 58 28
44 58 28
45 58 28
46 58 28
7 2 28
15 2 28
23 2 28
31 2 28
56 2 28
57 2 28
58 2 28
59 2 28
27 58 29
28 58 29
29 58 29
30 58 29
33 58 29
34 58 29
35 58 29
36 58 29
37 58 29
38 58 29
41 58 29
42 58 29
43 58 29
44 58 29
45 58 29
46 58 29
7 2 29
15 2 29
23 2 29
31 2 29
56 2 29
57 2 29
58 2 29
59 2 29
27 59 30
28 59 30
29 59 30
30 59 30
33 59 30
34 59 30
35 59 30
36 59 30
37 59 30
38 59 30
41 59 30
42 59 30
43 59 30
44 59 30
45 59 30
46 59 30
7 2 30
15 2 30
23 2 30
31 2 30
56 2 30
57 2 30
58 2 30
59 2 30
27 59 31
28 59 31
29 59 31
30 59 31
33 59 31
34 59 31
35 59 31
36 59 31
37 59 31
38 59 31
41 59 31
42 59 31
43 59 31
44 59 31
45 59 31
46 59 31
7 2 31
15 2 31
23 2 31
31 2 31
56 2 31
57 2 31
58 2 31
59 2 31
27 59 32
28 59 32
29 59 32
30 59 32
33 59 32
34 59 32
35 59 32
36 59 32
37 59 32
38 59 32
41 59 32
42 59 32
43 59 32
44 59 32
45 59 32
46 59 32
7 2 32
15 2 32
23 2 32
31 2 32
56 2 32
57 2 32
58 2 32
59 2 32
7 2 33
15 2 33
23 2 33
31 2 33
56 2 33
57 2 33
58 2 33
59 2 33
7 2 34
15 2 34
23 2 34
31 2 34
56 2 34
57 2 34
58 2 34
59 2 34
7 2 35
15 2 35
23 2 35
31 2 35
56 2 35
57 2 35
58 2 35
59 2 35
7 2 36
15 2 36
23 2 36
31 2 36
56 2 36
57 2 36
58 2 36
59 2 36
7 2 37
15 2 37
23 2 37
31 2 37
56 2 37
57 2 37
58 2 37
59 2 37
7 2 38
15 2 38
23 2 38
31 2 38
56 2 38
57 2 38
58 2 38
59 2 38
7 2 39
15 2 39
23 2 39
31 2 39
56 2 39
57 2 39
58 2 39
59 2 39
7 2 40
15 2 40
23 2 40
31 2 40
56 2 40
57 2 40
58 2 40
59 2 40
7 2 41
15 2 41
23 2 41
31 2 41
56 2 41
57 2 41
58 2 41
59 2 41
7 2 42
15 2 42
23 2 42
31 2 42
56 2 42
57 2 42
58 2 42
59 2 42
7 2 43
15 2 43
23 2 43
31 2 43
56 2 43
57 2 43
58 2 43
59 2 43
7 2 44
15 2 44
23 2 44
31 2 44
56 2 44
57 2 44
58 2 44
59 2 44
7 2 45
15 2 45
23 2 45
31 2 45
56 2 45
57 2 45
58 2 45
59 2 45
7 2 46
15 2 46
23 2 46
31 2 46
56 2 46
57 2 46
58 2 46
59 2 46
7 2 47
15 2 47
23 2 47
31 2 47
56 2 47
57 2 47
58 2 47
59 2 47
7 2 48
15 2 48
23 2 48
31 2 48
56 2 48
57 2 48
58 2 48
59 2 48
7 3 49
15 3 49
23 3 49
31 3 49
56 3 49
57 3 49
58 3 49
59 3 49
7 3 50
15 3 50
23 3 50
31 3 50
56 3 50
57 3 50
58 3 50
59 3 50
7 3 51
15 3 51
23 3 51
31 3 51
56 3 51
57 3 51
58 3 51
59 3 51
7 3 52
15 3 52
23 3 52
31 3 52
56 3 52
57 3 52
58 3 52
59 3 52
7 3 53
15 3 53
23 3 53
31 3 53
56 3 53
57 3 53
58 3 53
59 3 53
7 3 54
15 3 54
23 3 54
31 3 54
56 3 54
57 3 54
58 3 54
59 3 54
7 3 55
15 3 55
23 3 55
31 3 55
56 3 55
57 3 55
58 3 55
59 3 55
7 3 56
15 3 56
23 3 56
31 3 56
56 3 56
57 3 56
58 3 56
59 3 56
7 3 57
15 3 57
23 3 57
31 3 57
56 3 57
57 3 57
58 3 57
59 3 57
7 3 58
15 3 58
23 3 58
31 3 58
56 3 58
57 3 58
58 3 58
59 3 58
7 3 59
15 3 59
23 3 59
31 3 59
56 3 59
57 3 59
58 3 59
59 3 59
7 3 60
15 3 60
23 3 60
31 3 60
56 3 60
57 3 60
58 3 60
59 3 60
7 3 61
15 3 61
23 3 61
31 3 61
56 3 61
57 3 61
58 3 61
59 3 61
7 3 62
15 3 62
23 3 62
31 3 62
56 3 62
57 3 62
58 3 62
59 3 62
7 3 63
15 3 63
23 3 63
31 3 63
56 3 63
57 3 63
58 3 63
59 3 63
7 3 64
15 3 64
23 3 64
31 3 64
56 3 64
57 3 64
58 3 64
59 3 64
7 3 65
15 3 65
23 3 65
31 3 65
56 3 65
57 3 65
58 3 65
59 3 65
7 3 66
15 3 66
23 3 66
31 3 66
56 3 66
57 3 66
58 3 66
59 3 66
7 3 67
15 3 67
23 3 67
31 3 67
56 3 67
57 3 67
58 3 67
59 3 67
7 3 68
15 3 68
23 3 68
31 3 68
56 3 68
57 3 68
58 3 68
59 3 68
7 3 69
15 3 69
23 3 69
31 3 69
56 3 69
57 3 69
58 3 69
59 3 69
7 3 70
15 3 70
23 3 70
31 3 70
56 3 70
57 3 70
58 3 70
59 3 70
7 3 71
15 3 71
23 3 71
31 3 71
56 3 71
57 3 71
58 3 71
59 3 71
7 3 72
15 3 72
23 3 72
31 3 72
56 3 72
57 3 72
58 3 72
59 3 72
7 3 73
15 3 73
23 3 73
31 3 73
56 3 73
57 3 73
58 3 73
59 3 73
7 3 74
15 3 74
23 3 74
31 3 74
56 3 74
57 3 74
58 3 74
59 3 74
7 3 75
15 3 75
23 3 75
31 3 75
56 3 75
57 3 75
58 3 75
59 3 75
7 3 76
15 3 76
23 3 76
31 3 76
56 3 76
57 3 76
58 3 76
59 3 76
7 3 77
15 3 77
23 3 77
31 3 77
56 3 77
57 3 77
58 3 77
59 3 77
7 3 78
15 3 78
23 3 78
31 3 78
56 3 78
57 3 78
58 3 78
59 3 78
7 3 79
15 3 79
23 3 79
31 3 79
56 3 79
57 3 79
58 3 79
59 3 79
7 3 80
15 3 80
23 3 80
31 3 80
56 3 80
57 3 80
58 3 80
59 3 80
7 3 81
15 3 81
23 3 81
31 3 81
56 3 81
57 3 81
58 3 81
59 3 81
7 3 82
15 3 82
23 3 82
31 3 82
56 3 82
57 3 82
58 3 82
59 3 82
7 3 83
15 3 83
23 3 83
31 3 83
56 3 83
57 3 83
58 3 83
59 3 83
7 3 84
15 3 84
23 3 84
31 3 84
56 3 84
57 3 84
58 3 84
59 3 84
7 3 85
15 3 85
23 3 85
31 3 85
56 3 85
57 3 85
58 3 85
59 3 85
7 3 86
15 3 86
23 3 86
31 3 86
56 3 86
57 3 86
58 3 86
59 3 86
7 3 87
15 3 87
23 3 87
31 3 87
56 3 87
57 3 87
58 3 87
59 3 87
7 3 88
15 3 88
23 3 88
31 3 88
56 3 88
57 3 88
58 3 88
59 3 88
7 3 89
15 3 89
23 3 89
31 3 89
56 3 89
57 3 89
58 3 89
59 3 89
7 3 90
15 3 90
23 3 90
31 3 90
56 3 90
57 3 90
58 3 90
59 3 90
7 3 91
15 3 91
23 3 91
31 3 91
56 3 91
57 3 91
58 3 91
59 3 91
7 3 92
15 3 92
23 3 92
31 3 92
56 3 92
57 3 92
58 3 92
59 3 92
7 3 93
15 3 93
23 3 93
31 3 93
56 3 93
57 3 93
58 3 93
59 3 93
7 3 94
15 3 94
23 3 94
31 3 94
56 3 94
57 3 94
58 3 94
59 3 94
7 3 95
15 3 95
23 3 95
31 3 95
56 3 95
57 3 95
58 3 95
59 3 95
7 3 96
15 3 96
23 3 96
31 3 96
56 3 96
57 3 96
58 3 96
59 3 96
7 4 97
15 4 97
23 4 97
31 4 97
56 4 97
57 4 97
58 4 97
59 4 97
7 4 98
15 4 98
23 4 98
31 4 98
56 4 98
57 4 98
58 4 98
59 4 98
7 4 99
15 4 99
23 4 99
31 4 99
56 4 99
57 4 99
58 4 99
59 4 99
7 4 100
15 4 100
23 4 100
31 4 100
56 4 100
57 4 100
58 4 100
59 4 100
7 4 101
15 4 101
23 4 101
31 4 101
56 4 101
57 4 101
58 4 101
59 4 101
7 4 102
15 4 102
23 4 102
31 4 102
56 4 102
57 4 102
58 4 102
59 4 102
7 4 103
15 4 103
23 4 103
31 4 103
56 4 103
57 4 103
58 4 103
59 4 103
7 4 104
15 4 104
23 4 104
31 4 104
56 4 104
57 4 104
58 4 104
59 4 104
7 4 105
15 4 105
23 4 105
31 4 105
56 4 105
57 4 105
58 4 105
59 4 105
7 4 106
15 4 106
23 4 106
31 4 106
56 4 106
57 4 106
58 4 106
59 4 106
7 4 107
15 4 107
23 4 107
31 4 107
56 4 107
57 4 107
58 4 107
59 4 107
7 4 108
15 4 108
23 4 108
31 4 108
56 4 108
57 4 108
58 4 108
59 4 108
7 4 109
15 4 109
23 4 109
31 4 109
56 4 109
57 4 109
58 4 109
59 4 109
7 4 110
15 4 110
23 4 110
31 4 110
56 4 110
57 4 110
58 4 110
59 4 110
7 4 111
15 4 111
23 4 111
31 4 111
56 4 111
57 4 111
58 4 111
59 4 111
7 4 112
15 4 112
23 4 112
31 4 112
56 4 112
57 4 112
58 4 112
59 4 112
7 4 113
15 4 113
23 4 113
31 4 113
56 4 113
57 4 113
58 4 113
59 4 113
7 4 114
15 4 114
23 4 114
31 4 114
56 4 114
57 4 114
58 4 114
59 4 114
7 4 115
15 4 115
23 4 115
31 4 115
56 4 115
57 4 115
58 4 115
59 4 115
7 4 116
15 4 116
23 4 116
31 4 116
56 4 116
57 4 116
58 4 116
59 4 116
7 4 117
15 4 117
23 4 117
31 4 117
56 4 117
57 4 117
58 4 117
59 4 117
7 4 118
15 4 118
23 4 118
31 4 118
56 4 118
57 4 118
58 4 118
59 4 118
7 4 119
15 4 119
23 4 119
31 4 119
56 4 119
57 4 119
58 4 119
59 4 119
7 4 120
15 4 120
23 4 120
31 4 120
56 4 120
57 4 120
58 4 120
59 4 120
7 4 121
15 4 121
23 4 121
31 4 121
56 4 121
57 4 121
58 4 121
59 4 121
7 4 122
15 4 122
23 4 122
31 4 122
56 4 122
57 4 122
58 4 122
59 4 122
7 4 123
15 4 123
23 4 123
31 4 123
56 4 123
57 4 123
58 4 123
59 4 123
7 4 124
15 4 124
23 4 124
31 4 124
56 4 124
57 4 124
58 4 124
59 4 124
7 4 125
15 4 125
23 4 125
31 4 125
56 4 125
57 4 125
58 4 125
59 4 125
7 4 126
15 4 126
23 4 126
31 4 126
56 4 126
57 4 126
58 4 126
59 4 126
7 4 127
15 4 127
23 4 127
31 4 127
56 4 127
57 4 127
58 4 127
59 4 127
7 4 128
15 4 128
23 4 128
31 4 128
56 4 128
57 4 128
58 4 128
59 4 128
7 4 129
15 4 129
23 4 129
31 4 129
56 4 129
57 4 129
58 4 129
59 4 129
7 4 130
15 4 130
23 4 130
31 4 130
56 4 130
57 4 130
58 4 130
59 4 130
7 4 131
15 4 131
23 4 131
31 4 131
56 4 131
57 4 131
58 4 131
59 4 131
7 4 132
15 4 132
23 4 132
31 4 132
56 4 132
57 4 132
58 4 132
59 4 132
7 4 133
15 4 133
23 4 133
31 4 133
56 4 133
57 4 133
58 4 133
59 4 133
7 4 134
15 4 134
23 4 134
31 4 134
56 4 134
57 4 134
58 4 134
59 4 134
7 4 135
15 4 135
23 4 135
31 4 135
56 4 135
57 4 135
58 4 135
59 4 135
7 4 136
15 4 136
23 4 136
31 4 136
56 4 136
57 4 136
58 4 136
59 4 136
7 4 137
15 4 137
23 4 137
31 4 137
56 4 137
57 4 137
58 4 137
59 4 137
7 4 138
15 4 138
23 4 138
31 4 138
56 4 138
57 4 138
58 4 138
59 4 138
7 4 139
15 4 139
23 4 139
31 4 139
56 4 139
57 4 139
58 4 139
59 4 139
7 4 140
15 4 140
23 4 140
31 4 140
56 4 140
57 4 140
58 4 140
59 4 140
7 4 141
15 4 141
23 4 141
31 4 141
56 4 141
57 4 141
58 4 141
59 4 141
7 4 142
15 4 142
23 4 142
31 4 142
56 4 142
57 4 142
58 4 142
59 4 142
7 4 143
15 4 143
23 4 143
31 4 143
56 4 143
57 4 143
58 4 143
59 4 143
7 4 144
15 4 144
23 4 144
31 4 144
56 4 144
57 4 144
58 4 144
59 4 144
7 5 145
15 5 145
23 5 145
31 5 145
56 5 145
57 5 145
58 5 145
59 5 145
7 5 146
15 5 146
23 5 146
31 5 146
56 5 146
57 5 146
58 5 146
59 5 146
7 5 147
15 5 147
23 5 147
31 5 147
56 5 147
57 5 147
58 5 147
59 5 147
7 5 148
15 5 148
23 5 148
31 5 148
56 5 148
57 5 148
58 5 148
59 5 148
7 5 149
15 5 149
23 5 149
31 5 149
56 5 149
57 5 149
58 5 149
59 5 149
7 5 150
15 5 150
23 5 150
31 5 150
56 5 150
57 5 150
58 5 150
59 5 150
7 5 151
15 5 151
23 5 151
31 5 151
56 5 151
57 5 151
58 5 151
59 5 151
7 5 152
15 5 152
23 5 152
31 5 152
56 5 152
57 5 152
58 5 152
59 5 152
7 5 153
15 5 153
23 5 153
31 5 153
56 5 153
57 5 153
58 5 153
59 5 153
7 5 154
15 5 154
23 5 154
31 5 154
56 5 154
57 5 154
58 5 154
59 5 154
7 5 155
15 5 155
23 5 155
31 5 155
56 5 155
57 5 155
58 5 155
59 5 155
7 5 156
15 5 156
23 5 156
31 5 156
56 5 156
57 5 156
58 5 156
59 5 156
7 5 157
15 5 157
23 5 157
31 5 157
56 5 157
57 5 157
58 5 157
59 5 157
7 5 158
15 5 158
23 5 158
31 5 158
56 5 158
57 5 158
58 5 158
59 5 158
7 5 159
15 5 159
23 5 159
31 5 159
56 5 159
57 5 159
58 5 159
59 5 159
7 5 160
15 5 160
23 5 160
31 5 160
56 5 160
57 5 160
58 5 160
59 5 160
7 5 161
15 5 161
23 5 161
31 5 161
56 5 161
57 5 161
58 5 161
59 5 161
7 5 162
15 5 162
23 5 162
31 5 162
56 5 162
57 5 162
58 5 162
59 5 162
7 5 163
15 5 163
23 5 163
31 5 163
56 5 163
57 5 163
58 5 163
59 5 163
7 5 164
15 5 164
23 5 164
31 5 164
56 5 164
57 5 164
58 5 164
59 5 164
7 5 165
15 5 165
23 5 165
31 5 165
56 5 165
57 5 165
58 5 165
59 5 165
7 5 166
15 5 166
23 5 166
31 5 166
56 5 166
57 5 166
58 5 166
59 5 166
7 5 167
15 5 167
23 5 167
31 5 167
56 5 167
57 5 167
58 5 167
59 5 167
7 5 168
15 5 168
23 5 168
31 5 168
56 5 168
57 5 168
58 5 168
59 5 168
7 5 169
15 5 169
23 5 169
31 5 169
56 5 169
57 5 169
58 5 169
59 5 169
7 5 170
15 5 170
23 5 170
31 5 170
56 5 170
57 5 170
58 5 170
59 5 170
7 5 171
15 5 171
23 5 171
31 5 171
56 5 171
57 5 171
58 5 171
59 5 171
7 5 172
15 5 172
23 5 172
31 5 172
56 5 172
57 5 172
58 5 172
59 5 172
7 5 173
15 5 173
23 5 173
31 5 173
56 5 173
57 5 173
58 5 173
59 5 173
7 5 174
15 5 174
23 5 174
31 5 174
56 5 174
57 5 174
58 5 174
59 5 174
7 5 175
15 5 175
23 5 175
31 5 175
56 5 175
57 5 175
58 5 175
59 5 175
7 5 176
15 5 176
23 5 176
31 5 176
56 5 176
57 5 176
58 5 176
59 5 176
7 5 177
15 5 177
23 5 177
31 5 177
56 5 177
57 5 177
58 5 177
59 5 177
7 5 178
15 5 178
23 5 178
31 5 178
56 5 178
57 5 178
58 5 178
59 5 178
7 5 179
15 5 179
23 5 179
31 5 179
56 5 179
57 5 179
58 5 179
59 5 179
7 5 180
15 5 180
23 5 180
31 5 180
56 5 180
57 5 180
58 5 180
59 5 180
7 5 181
15 5 181
23 5 181
31 5 181
56 5 181
57 5 181
58 5 181
59 5 181
7 5 182
15 5 182
23 5 182
31 5 182
56 5 182
57 5 182
58 5 182
59 5 182
7 5 183
15 5 183
23 5 183
31 5 183
56 5 183
57 5 183
58 5 183
59 5 183
7 5 184
15 5 184
23 5 184
31 5 184
56 5 184
57 5 184
58 5 184
59 5 184
7 5 185
15 5 185
23 5 185
31 5 185
56 5 185
57 5 185
58 5 185
59 5 185
7 5 186
15 5 186
23 5 186
31 5 186
56 5 186
57 5 186
58 5 186
59 5 186
7 5 187
15 5 187
23 5 187
31 5 187
56 5 187
57 5 187
58 5 187
59 5 187
7 5 188
15 5 188
23 5 188
31 5 188
56 5 188
57 5 188
58 5 188
59 5 188
7 5 189
15 5 189
23 5 189
31 5 189
56 5 189
57 5 189
58 5 189
59 5 189
7 5 190
15 5 190
23 5 190
31 5 190
56 5 190
57 5 190
58 5 190
59 5 190
7 5 191
15 5 191
23 5 191
31 5 191
56 5 191
57 5 191
58 5 191
59 5 191
7 5 192
15 5 192
23 5 192
31 5 192
56 5 192
57 5 192
58 5 192
59 5 192
7 16 193
15 16 193
23 16 193
31 16 193
56 16 193
57 16 193
58 16 193
59 16 193
7 16 194
15 16 194
23 16 194
31 16 194
56 16 194
57 16 194
58 16 194
59 16 194
7 16 195
15 16 195
23 16 195
31 16 195
56 16 195
57 16 195
58 16 195
59 16 195
7 16 196
15 16 196
23 16 196
31 16 196
56 16 196
57 16 196
58 16 196
59 16 196
7 16 197
15 16 197
23 16 197
31 16 197
56 16 197
57 16 197
58 16 197
59 16 197
7 16 198
15 16 198
23 16 198
31 16 198
56 16 198
57 16 198
58 16 198
59 16 198
7 16 199
15 16 199
23 16 199
31 16 199
56 16 199
57 16 199
58 16 199
59 16 199
7 16 200
15 16 200
23 16 200
31 16 200
56 16 200
57 16 200
58 16 200
59 16 200
7 16 201
15 16 201
23 16 201
31 16 201
56 16 201
57 16 201
58 16 201
59 16 201
7 16 202
15 16 202
23 16 202
31 16 202
56 16 202
57 16 202
58 16 202
59 16 202
7 16 203
15 16 203
23 16 203
31 16 203
56 16 203
57 16 203
58 16 203
59 16 203
7 16 204
15 16 204
23 16 204
31 16 204
56 16 204
57 16 204
58 16 204
59 16 204
7 16 205
15 16 205
23 16 205
31 16 205
56 16 205
57 16 205
58 16 205
59 16 205
7 16 206
15 16 206
23 16 206
31 16 206
56 16 206
57 16 206
58 16 206
59 16 206
7 16 207
15 16 207
23 16 207
31 16 207
56 16 207
57 16 207
58 16 207
59 16 207
7 16 208
15 16 208
23 16 208
31 16 208
56 16 208
57 16 208
58 16 208
59 16 208
7 16 209
15 16 209
23 16 209
31 16 209
56 16 209
57 16 209
58 16 209
59 16 209
7 16 210
15 16 210
23 16 210
31 16 210
56 16 210
57 16 210
58 16 210
59 16 210
7 16 211
15 16 211
23 16 211
31 16 211
56 16 211
57 16 211
58 16 211
59 16 211
7 16 212
15 16 212
23 16 212
31 16 212
56 16 212
57 16 212
58 16 212
59 16 212
7 16 213
15 16 213
23 16 213
31 16 213
56 16 213
57 16 213
58 16 213
59 16 213
7 16 214
15 16 214
23 16 214
31 16 214
56 16 214
57 16 214
58 16 214
59 16 214
7 16 215
15 16 215
23 16 215
31 16 215
56 16 215
57 16 215
58 16 215
59 16 215
7 16 216
15 16 216
23 16 216
31 16 216
56 16 216
57 16 216
58 16 216
59 16 216
7 16 217
15 16 217
23 16 217
31 16 217
56 16 217
57 16 217
58 16 217
59 16 217
7 16 218
15 16 218
23 16 218
31 16 218
56 16 218
57 16 218
58 16 218
59 16 218
7 16 219
15 16 219
23 16 219
31 16 219
56 16 219
57 16 219
58 16 219
59 16 219
7 16 220
15 16 220
23 16 220
31 16 220
56 16 220
57 16 220
58 16 220
59 16 220
7 16 221
15 16 221
23 16 221
31 16 221
56 16 221
57 16 221
58 16 221
59 16 221
7 16 222
15 16 222
23 16 222
31 16 222
56 16 222
57 16 222
58 16 222
59 16 222
7 16 223
15 16 223
23 16 223
31 16 223
56 16 223
57 16 223
58 16 223
59 16 223
7 16 224
15 16 224
23 16 224
31 16 224
56 16 224
57 16 224
58 16 224
59 16 224
7 16 225
15 16 225
23 16 225
31 16 225
56 16 225
57 16 225
58 16 225
59 16 225
7 16 226
15 16 226
23 16 226
31 16 226
56 16 226
57 16 226
58 16 226
59 16 226
7 16 227
15 16 227
23 16 227
31 16 227
56 16 227
57 16 227
58 16 227
59 16 227
7 16 228
15 16 228
23 16 228
31 16 228
56 16 228
57 16 228
58 16 228
59 16 228
7 16 229
15 16 229
23 16 229
31 16 229
56 16 229
57 16 229
58 16 229
59 16 229
7 16 230
15 16 230
23 16 230
31 16 230
56 16 230
57 16 230
58 16 230
59 16 230
7 16 231
15 16 231
23 16 231
31 16 231
56 16 231
57 16 231
58 16 231
59 16 231
7 16 232
15 16 232
23 16 232
31 16 232
56 16 232
57 16 232
58 16 232
59 16 232
7 16 233
15 16 233
23 16 233
31 16 233
56 16 233
57 16 233
58 16 233
59 16 233
7 16 234
15 16 234
23 16 234
31 16 234
56 16 234
57 16 234
58 16 234
59 16 234
7 16 235
15 16 235
23 16 235
31 16 235
56 16 235
57 16 235
58 16 235
59 16 235
7 16 236
15 16 236
23 16 236
31 16 236
56 16 236
57 16 236
58 16 236
59 16 236
7 16 237
15 16 237
23 16 237
31 16 237
56 16 237
57 16 237
58 16 237
59 16 237
7 16 238
15 16 238
23 16 238
31 16 238
56 16 238
57 16 238
58 16 238
59 16 238
7 16 239
15 16 239
23 16 239
31 16 239
56 16 239
57 16 239
58 16 239
59 16 239
7 16 240
15 16 240
23 16 240
31 16 240
56 16 240
57 16 240
58 16 240
59 16 240
7 24 241
15 24 241
23 24 241
31 24 241
56 24 241
57 24 241
58 24 241
59 24 241
7 24 242
15 24 242
23 24 242
31 24 242
56 24 242
57 24 242
58 24 242
59 24 242
7 24 243
15 24 243
23 24 243
31 24 243
56 24 243
57 24 243
58 24 243
59 24 243
7 24 244
15 24 244
23 24 244
31 24 244
56 24 244
57 24 244
58 24 244
59 24 244
7 24 245
15 24 245
23 24 245
31 24 245
56 24 245
57 24 245
58 24 245
59 24 245
7 24 246
15 24 246
23 24 246
31 24 246
56 24 246
57 24 246
58 24 246
59 24 246
7 24 247
15 24 247
23 24 247
31 24 247
56 24 247
57 24 247
58 24 247
59 24 247
7 24 248
15 24 248
23 24 248
31 24 248
56 24 248
57 24 248
58 24 248
59 24 248
7 24 249
15 24 249
23 24 249
31 24 249
56 24 249
57 24 249
58 24 249
59 24 249
7 24 250
15 24 250
23 24 250
31 24 250
56 24 250
57 24 250
58 24 250
59 24 250
7 24 251
15 24 251
23 24 251
31 24 251
56 24 251
57 24 251
58 24 251
59 24 251
7 24 252
15 24 252
23 24 252
31 24 252
56 24 252
57 24 252
58 24 252
59 24 252
7 24 253
15 24 253
23 24 253
31 24 253
56 24 253
57 24 253
58 24 253
59 24 253
7 24 254
15 24 254
23 24 254
31 24 254
56 24 254
57 24 254
58 24 254
59 24 254
7 24 255
15 24 255
23 24 255
31 24 255
56 24 255
57 24 255
58 24 255
59 24 255
7 24 256
15 24 256
23 24 256
31 24 256
56 24 256
57 24 256
58 24 256
59 24 256
7 24 257
15 24 257
23 24 257
31 24 257
56 24 257
57 24 257
58 24 257
59 24 257
7 24 258
15 24 258
23 24 258
31 24 258
56 24 258
57 24 258
58 24 258
59 24 258
7 24 259
15 24 259
23 24 259
31 24 259
56 24 259
57 24 259
58 24 259
59 24 259
7 24 260
15 24 260
23 24 260
31 24 260
56 24 260
57 24 260
58 24 260
59 24 260
7 24 261
15 24 261
23 24 261
31 24 261
56 24 261
57 24 261
58 24 261
59 24 261
7 24 262
15 24 262
23 24 262
31 24 262
56 24 262
57 24 262
58 24 262
59 24 262
7 24 263
15 24 263
23 24 263
31 24 263
56 24 263
57 24 263
58 24 263
59 24 263
7 24 264
15 24 264
23 24 264
31 24 264
56 24 264
57 24 264
58 24 264
59 24 264
7 24 265
15 24 265
23 24 265
31 24 265
56 24 265
57 24 265
58 24 265
59 24 265
7 24 266
15 24 266
23 24 266
31 24 266
56 24 266
57 24 266
58 24 266
59 24 266
7 24 267
15 24 267
23 24 267
31 24 267
56 24 267
57 24 267
58 24 267
59 24 267
7 24 268
15 24 268
23 24 268
31 24 268
56 24 268
57 24 268
58 24 268
59 24 268
7 24 269
15 24 269
23 24 269
31 24 269
56 24 269
57 24 269
58 24 269
59 24 269
7 24 270
15 24 270
23 24 270
31 24 270
56 24 270
57 24 270
58 24 270
59 24 270
7 24 271
15 24 271
23 24 271
31 24 271
56 24 271
57 24 271
58 24 271
59 24 271
7 24 272
15 24 272
23 24 272
31 24 272
56 24 272
57 24 272
58 24 272
59 24 272
7 24 273
15 24 273
23 24 273
31 24 273
56 24 273
57 24 273
58 24 273
59 24 273
7 24 274
15 24 274
23 24 274
31 24 274
56 24 274
57 24 274
58 24 274
59 24 274
7 24 275
15 24 275
23 24 275
31 24 275
56 24 275
57 24 275
58 24 275
59 24 275
7 24 276
15 24 276
23 24 276
31 24 276
56 24 276
57 24 276
58 24 276
59 24 276
7 24 277
15 24 277
23 24 277
31 24 277
56 24 277
57 24 277
58 24 277
59 24 277
7 24 278
15 24 278
23 24 278
31 24 278
56 24 278
57 24 278
58 24 278
59 24 278
7 24 279
15 24 279
23 24 279
31 24 279
56 24 279
57 24 279
58 24 279
59 24 279
7 24 280
15 24 280
23 24 280
31 24 280
56 24 280
57 24 280
58 24 280
59 24 280
7 24 281
15 24 281
23 24 281
31 24 281
56 24 281
57 24 281
58 24 281
59 24 281
7 24 282
15 24 282
23 24 282
31 24 282
56 24 282
57 24 282
58 24 282
59 24 282
7 24 283
15 24 283
23 24 283
31 24 283
56 24 283
57 24 283
58 24 283
59 24 283
7 24 284
15 24 284
23 24 284
31 24 284
56 24 284
57 24 284
58 24 284
59 24 284
7 24 285
15 24 285
23 24 285
31 24 285
56 24 285
57 24 285
58 24 285
59 24 285
7 24 286
15 24 286
23 24 286
31 24 286
56 24 286
57 24 286
58 24 286
59 24 286
7 24 287
15 24 287
23 24 287
31 24 287
56 24 287
57 24 287
58 24 287
59 24 287
7 24 288
15 24 288
23 24 288
31 24 288
56 24 288
57 24 288
58 24 288
59 24 288
7 32 289
15 32 289
23 32 289
31 32 289
56 32 289
57 32 289
58 32 289
59 32 289
7 32 290
15 32 290
23 32 290
31 32 290
56 32 290
57 32 290
58 32 290
59 32 290
7 32 291
15 32 291
23 32 291
31 32 291
56 32 291
57 32 291
58 32 291
59 32 291
7 32 292
15 32 292
23 32 292
31 32 292
56 32 292
57 32 292
58 32 292
59 32 292
7 32 293
15 32 293
23 32 293
31 32 293
56 32 293
57 32 293
58 32 293
59 32 293
7 32 294
15 32 294
23 32 294
31 32 294
56 32 294
57 32 294
58 32 294
59 32 294
7 32 295
15 32 295
23 32 295
31 32 295
56 32 295
57 32 295
58 32 295
59 32 295
7 32 296
15 32 296
23 32 296
31 32 296
56 32 296
57 32 296
58 32 296
59 32 296
7 32 297
15 32 297
23 32 297
31 32 297
56 32 297
57 32 297
58 32 297
59 32 297
7 32 298
15 32 298
23 32 298
31 32 298
56 32 298
57 32 298
58 32 298
59 32 298
7 32 299
15 32 299
23 32 299
31 32 299
56 32 299
57 32 299
58 32 299
59 32 299
7 32 300
15 32 300
23 32 300
31 32 300
56 32 300
57 32 300
58 32 300
59 32 300
7 32 301
15 32 301
23 32 301
31 32 301
56 32 301
57 32 301
58 32 301
59 32 301
7 32 302
15 32 302
23 32 302
31 32 302
56 32 302
57 32 302
58 32 302
59 32 302
7 32 303
15 32 303
23 32 303
31 32 303
56 32 303
57 32 303
58 32 303
59 32 303
7 32 304
15 32 304
23 32 304
31 32 304
56 32 304
57 32 304
58 32 304
59 32 304
7 32 305
15 32 305
23 32 305
31 32 305
56 32 305
57 32 305
58 32 305
59 32 305
7 32 306
15 32 306
23 32 306
31 32 306
56 32 306
57 32 306
58 32 306
59 32 306
7 32 307
15 32 307
23 32 307
31 32 307
56 32 307
57 32 307
58 32 307
59 32 307
7 32 308
15 32 308
23 32 308
31 32 308
56 32 308
57 32 308
58 32 308
59 32 308
7 32 309
15 32 309
23 32 309
31 32 309
56 32 309
57 32 309
58 32 309
59 32 309
7 32 310
15 32 310
23 32 310
31 32 310
56 32 310
57 32 310
58 32 310
59 32 310
7 32 311
15 32 311
23 32 311
31 32 311
56 32 311
57 32 311
58 32 311
59 32 311
7 32 312
15 32 312
23 32 312
31 32 312
56 32 312
57 32 312
58 32 312
59 32 312
7 32 313
15 32 313
23 32 313
31 32 313
56 32 313
57 32 313
58 32 313
59 32 313
7 32 314
15 32 314
23 32 314
31 32 314
56 32 314
57 32 314
58 32 314
59 32 314
7 32 315
15 32 315
23 32 315
31 32 315
56 32 315
57 32 315
58 32 315
59 32 315
7 32 316
15 32 316
23 32 316
31 32 316
56 32 316
57 32 316
58 32 316
59 32 316
7 32 317
15 32 317
23 32 317
31 32 317
56 32 317
57 32 317
58 32 317
59 32 317
7 32 318
15 32 318
23 32 318
31 32 318
56 32 318
57 32 318
58 32 318
59 32 318
7 32 319
15 32 319
23 32 319
31 32 319
56 32 319
57 32 319
58 32 319
59 32 319
7 32 320
15 32 320
23 32 320
31 32 320
56 32 320
57 32 320
58 32 320
59 32 320
7 32 321
15 32 321
23 32 321
31 32 321
56 32 321
57 32 321
58 32 321
59 32 321
7 32 322
15 32 322
23 32 322
31 32 322
56 32 322
57 32 322
58 32 322
59 32 322
7 32 323
15 32 323
23 32 323
31 32 323
56 32 323
57 32 323
58 32 323
59 32 323
7 32 324
15 32 324
23 32 324
31 32 324
56 32 324
57 32 324
58 32 324
59 32 324
7 32 325
15 32 325
23 32 325
31 32 325
56 32 325
57 32 325
58 32 325
59 32 325
7 32 326
15 32 326
23 32 326
31 32 326
56 32 326
57 32 326
58 32 326
59 32 326
7 32 327
15 32 327
23 32 327
31 32 327
56 32 327
57 32 327
58 32 327
59 32 327
7 32 328
15 32 328
23 32 328
31 32 328
56 32 328
57 32 328
58 32 328
59 32 328
7 32 329
15 32 329
23 32 329
31 32 329
56 32 329
57 32 329
58 32 329
59 32 329
7 32 330
15 32 330
23 32 330
31 32 330
56 32 330
57 32 330
58 32 330
59 32 330
7 32 331
15 32 331
23 32 331
31 32 331
56 32 331
57 32 331
58 32 331
59 32 331
7 32 332
15 32 332
23 32 332
31 32 332
56 32 332
57 32 332
58 32 332
59 32 332
7 32 333
15 32 333
23 32 333
31 32 333
56 32 333
57 32 333
58 32 333
59 32 333
7 32 334
15 32 334
23 32 334
31 32 334
56 32 334
57 32 334
58 32 334
59 32 334
7 32 335
15 32 335
23 32 335
31 32 335
56 32 335
57 32 335
58 32 335
59 32 335
7 32 336
15 32 336
23 32 336
31 32 336
56 32 336
57 32 336
58 32 336
59 32 336
7 40 337
15 40 337
23 40 337
31 40 337
56 40 337
57 40 337
58 40 337
59 40 337
7 40 338
15 40 338
23 40 338
31 40 338
56 40 338
57 40 338
58 40 338
59 40 338
7 40 339
15 40 339
23 40 339
31 40 339
56 40 339
57 40 339
58 40 339
59 40 339
7 40 340
15 40 340
23 40 340
31 40 340
56 40 340
57 40 340
58 40 340
59 40 340
7 40 341
15 40 341
23 40 341
31 40 341
56 40 341
57 40 341
58 40 341
59 40 341
7 40 342
15 40 342
23 40 342
31 40 342
56 40 342
57 40 342
58 40 342
59 40 342
7 40 343
15 40 343
23 40 343
31 40 343
56 40 343
57 40 343
58 40 343
59 40 343
7 40 344
15 40 344
23 40 344
31 40 344
56 40 344
57 40 344
58 40 344
59 40 344
7 40 345
15 40 345
23 40 345
31 40 345
56 40 345
57 40 345
58 40 345
59 40 345
7 40 346
15 40 346
23 40 346
31 40 346
56 40 346
57 40 346
58 40 346
59 40 346
7 40 347
15 40 347
23 40 347
31 40 347
56 40 347
57 40 347
58 40 347
59 40 347
7 40 348
15 40 348
23 40 348
31 40 348
56 40 348
57 40 348
58 40 348
59 40 348
7 40 349
15 40 349
23 40 349
31 40 349
56 40 349
57 40 349
58 40 349
59 40 349
7 40 350
15 40 350
23 40 350
31 40 350
56 40 350
57 40 350
58 40 350
59 40 350
7 40 351
15 40 351
23 40 351
31 40 351
56 40 351
57 40 351
58 40 351
59 40 351
7 40 352
15 40 352
23 40 352
31 40 352
56 40 352
57 40 352
58 40 352
59 40 352
7 40 353
15 40 353
23 40 353
31 40 353
56 40 353
57 40 353
58 40 353
59 40 353
7 40 354
15 40 354
23 40 354
31 40 354
56 40 354
57 40 354
58 40 354
59 40 354
7 40 355
15 40 355
23 40 355
31 40 355
56 40 355
57 40 355
58 40 355
59 40 355
7 40 356
15 40 356
23 40 356
31 40 356
56 40 356
57 40 356
58 40 356
59 40 356
7 40 357
15 40 357
23 40 357
31 40 357
56 40 357
57 40 357
58 40 357
59 40 357
7 40 358
15 40 358
23 40 358
31 40 358
56 40 358
57 40 358
58 40 358
59 40 358
7 40 359
15 40 359
23 40 359
31 40 359
56 40 359
57 40 359
58 40 359
59 40 359
7 40 360
15 40 360
23 40 360
31 40 360
56 40 360
57 40 360
58 40 360
59 40 360
7 40 361
15 40 361
23 40 361
31 40 361
56 40 361
57 40 361
58 40 361
59 40 361
7 40 362
15 40 362
23 40 362
31 40 362
56 40 362
57 40 362
58 40 362
59 40 362
7 40 363
15 40 363
23 40 363
31 40 363
56 40 363
57 40 363
58 40 363
59 40 363
7 40 364
15 40 364
23 40 364
31 40 364
56 40 364
57 40 364
58 40 364
59 40 364
7 40 365
15 40 365
23 40 365
31 40 365
56 40 365
57 40 365
58 40 365
59 40 365
7 40 366
15 40 366
23 40 366
31 40 366
56 40 366
57 40 366
58 40 366
59 40 366
7 40 367
15 40 367
23 40 367
31 40 367
56 40 367
57 40 367
58 40 367
59 40 367
7 40 368
15 40 368
23 40 368
31 40 368
56 40 368
57 40 368
58 40 368
59 40 368
7 40 369
15 40 369
23 40 369
31 40 369
56 40 369
57 40 369
58 40 369
59 40 369
7 40 370
15 40 370
23 40 370
31 40 370
56 40 370
57 40 370
58 40 370
59 40 370
7 40 371
15 40 371
23 40 371
31 40 371
56 40 371
57 40 371
58 40 371
59 40 371
7 40 372
15 40 372
23 40 372
31 40 372
56 40 372
57 40 372
58 40 372
59 40 372
7 40 373
15 40 373
23 40 373
31 40 373
56 40 373
57 40 373
58 40 373
59 40 373
7 40 374
15 40 374
23 40 374
31 40 374
56 40 374
57 40 374
58 40 374
59 40 374
7 40 375
15 40 375
23 40 375
31 40 375
56 40 375
57 40 375
58 40 375
59 40 375
7 40 376
15 40 376
23 40 376
31 40 376
56 40 376
57 40 376
58 40 376
59 40 376
7 40 377
15 40 377
23 40 377
31 40 377
56 40 377
57 40 377
58 40 377
59 40 377
7 40 378
15 40 378
23 40 378
31 40 378
56 40 378
57 40 378
58 40 378
59 40 378
7 40 379
15 40 379
23 40 379
31 40 379
56 40 379
57 40 379
58 40 379
59 40 379
7 40 380
15 40 380
23 40 380
31 40 380
56 40 380
57 40 380
58 40 380
59 40 380
7 40 381
15 40 381
23 40 381
31 40 381
56 40 381
57 40 381
58 40 381
59 40 381
7 40 382
15 40 382
23 40 382
31 40 382
56 40 382
57 40 382
58 40 382
59 40 382
7 40 383
15 40 383
23 40 383
31 40 383
56 40 383
57 40 383
58 40 383
59 40 383
7 40 384
15 40 384
23 40 384
31 40 384
56 40 384
57 40 384
58 40 384
59 40 384
