10 2 1
11 2 1
12 2 1
13 2 1
14 2 1
17 2 1
18 2 1
19 2 1
20 2 1
21 2 1
22 2 1
25 2 1
26 2 1
27 2 1
28 2 1
29 2 1
15 2 1
23 2 1
31 2 1
39 2 1
57 2 1
58 2 1
59 2 1
60 2 1
10 3 2
11 3 2
12 3 2
13 3 2
14 3 2
17 3 2
18 3 2
19 3 2
20 3 2
21 3 2
22 3 2
25 3 2
26 3 2
27 3 2
28 3 2
29 3 2
15 2 2
23 2 2
31 2 2
39 2 2
57 2 2
58 2 2
59 2 2
60 2 2
10 4 3
11 4 3
12 4 3
13 4 3
14 4 3
17 4 3
18 4 3
19 4 3
20 4 3
21 4 3
22 4 3
25 4 3
26 4 3
27 4 3
28 4 3
29 4 3
15 2 3
23 2 3
31 2 3
39 2 3
57 2 3
58 2 3
59 2 3
60 2 3
10 5 4
11 5 4
12 5 4
13 5 4
14 5 4
17 5 4
18 5 4
19 5 4
20 5 4
21 5 4
22 5 4
25 5 4
26 5 4
27 5 4
28 5 4
29 5 4
15 2 4
23 2 4
31 2 4
39 2 4
57 2 4
58 2 4
59 2 4
60 2 4
10 24 5
11 24 5
12 24 5
13 24 5
14 24 5
17 24 5
18 24 5
19 24 5
20 24 5
21 24 5
22 24 5
25 24 5
26 24 5
27 24 5
28 24 5
29 24 5
15 2 5
23 2 5
31 2 5
39 2 5
57 2 5
58 2 5
59 2 5
60 2 5
10 32 6
11 32 6
12 32 6
13 32 6
14 32 6
17 32 6
18 32 6
19 32 6
20 32 6
21 32 6
22 32 6
25 32 6
26 32 6
27 32 6
28 32 6
29 32 6
15 2 6
23 2 6
31 2 6
39 2 6
57 2 6
58 2 6
59 2 6
60 2 6
10 40 7
11 40 7
12 40 7
13 40 7
14 40 7
17 40 7
18 40 7
19 40 7
20 40 7
21 40 7
22 40 7
25 40 7
26 40 7
27 40 7
28 40 7
29 40 7
15 2 7
23 2 7
31 2 7
39 2 7
57 2 7
58 2 7
59 2 7
60 2 7
10 48 8
11 48 8
12 48 8
13 48 8
14 48 8
17 48 8
18 48 8
19 48 8
20 48 8
21 48 8
22 48 8
25 48 8
26 48 8
27 48 8
28 48 8
29 48 8
15 2 8
23 2 8
31 2 8
39 2 8
57 2 8
58 2 8
59 2 8
60 2 8
10 15 9
11 15 9
12 15 9
13 15 9
14 15 9
17 15 9
18 15 9
19 15 9
20 15 9
21 15 9
22 15 9
25 15 9
26 15 9
27 15 9
28 15 9
29 15 9
15 2 9
23 2 9
31 2 9
39 2 9
57 2 9
58 2 9
59 2 9
60 2 9
10 15 10
11 15 10
12 15 10
13 15 10
14 15 10
17 15 10
18 15 10
19 15 10
20 15 10
21 15 10
22 15 10
25 15 10
26 15 10
27 15 10
28 15 10
29 15 10
15 2 10
23 2 10
31 2 10
39 2 10
57 2 10
58 2 10
59 2 10
60 2 10
10 15 11
11 15 11
12 15 11
13 15 11
14 15 11
17 15 11
18 15 11
19 15 11
20 15 11
21 15 11
22 15 11
25 15 11
26 15 11
27 15 11
28 15 11
29 15 11
15 2 11
23 2 11
31 2 11
39 2 11
57 2 11
58 2 11
59 2 11
60 2 11
10 23 12
11 23 12
12 23 12
13 23 12
14 23 12
17 23 12
18 23 12
19 23 12
20 23 12
21 23 12
22 23 12
25 23 12
26 23 12
27 23 12
28 23 12
29 23 12
15 2 12
23 2 12
31 2 12
39 2 12
57 2 12
58 2 12
59 2 12
60 2 12
10 23 13
11 23 13
12 23 13
13 23 13
14 23 13
17 23 13
18 23 13
19 23 13
20 23 13
21 23 13
22 23 13
25 23 13
26 23 13
27 23 13
28 23 13
29 23 13
15 2 13
23 2 13
31 2 13
39 2 13
57 2 13
58 2 13
59 2 13
60 2 13
10 23 14
11 23 14
12 23 14
13 23 14
14 23 14
17 23 14
18 23 14
19 23 14
20 23 14
21 23 14
22 23 14
25 23 14
26 23 14
27 23 14
28 23 14
29 23 14
15 2 14
23 2 14
31 2 14
39 2 14
57 2 14
58 2 14
59 2 14
60 2 14
10 31 15
11 31 15
12 31 15
13 31 15
14 31 15
17 31 15
18 31 15
19 31 15
20 31 15
21 31 15
22 31 15
25 31 15
26 31 15
27 31 15
28 31 15
29 31 15
15 2 15
23 2 15
31 2 15
39 2 15
57 2 15
58 2 15
59 2 15
60 2 15
10 31 16
11 31 16
12 31 16
13 31 16
14 31 16
17 31 16
18 31 16
19 31 16
20 31 16
21 31 16
22 31 16
25 31 16
26 31 16
27 31 16
28 31 16
29 31 16
15 2 16
23 2 16
31 2 16
39 2 16
57 2 16
58 2 16
59 2 16
60 2 16
10 31 17
11 31 17
12 31 17
13 31 17
14 31 17
17 31 17
18 31 17
19 31 17
20 31 17
21 31 17
22 31 17
25 31 17
26 31 17
27 31 17
28 31 17
29 31 17
15 2 17
23 2 17
31 2 17
39 2 17
57 2 17
58 2 17
59 2 17
60 2 17
10 39 18
11 39 18
12 39 18
13 39 18
14 39 18
17 39 18
18 39 18
19 39 18
20 39 18
21 39 18
22 39 18
25 39 18
26 39 18
27 39 18
28 39 18
29 39 18
15 2 18
23 2 18
31 2 18
39 2 18
57 2 18
58 2 18
59 2 18
60 2 18
10 39 19
11 39 19
12 39 19
13 39 19
14 39 19
17 39 19
18 39 19
19 39 19
20 39 19
21 39 19
22 39 19
25 39 19
26 39 19
27 39 19
28 39 19
29 39 19
15 2 19
23 2 19
31 2 19
39 2 19
57 2 19
58 2 19
59 2 19
60 2 19
10 39 20
11 39 20
12 39 20
13 39 20
14 39 20
17 39 20
18 39 20
19 39 20
20 39 20
21 39 20
22 39 20
25 39 20
26 39 20
27 39 20
28 39 20
29 39 20
15 2 20
23 2 20
31 2 20
39 2 20
57 2 20
58 2 20
59 2 20
60 2 20
10 57 21
11 57 21
12 57 21
13 57 21
14 57 21
17 57 21
18 57 21
19 57 21
20 57 21
21 57 21
22 57 21
25 57 21
26 57 21
27 57 21
28 57 21
29 57 21
15 2 21
23 2 21
31 2 21
39 2 21
57 2 21
58 2 21
59 2 21
60 2 21
10 57 22
11 57 22
12 57 22
13 57 22
14 57 22
17 57 22
18 57 22
19 57 22
20 57 22
21 57 22
22 57 22
25 57 22
26 57 22
27 57 22
28 57 22
29 57 22
15 2 22
23 2 22
31 2 22
39 2 22
57 2 22
58 2 22
59 2 22
60 2 22
10 57 23
11 57 23
12 57 23
13 57 23
14 57 23
17 57 23
18 57 23
19 57 23
20 57 23
21 57 23
22 57 23
25 57 23
26 57 23
27 57 23
28 57 23
29 57 23
15 2 23
23 2 23
31 2 23
39 2 23
57 2 23
58 2 23
59 2 23
60 2 23
10 58 24
11 58 24
12 58 24
13 58 24
14 58 24
17 58 24
18 58 24
19 58 24
20 58 24
21 58 24
22 58 24
25 58 24
26 58 24
27 58 24
28 58 24
29 58 24
15 2 24
23 2 24
31 2 24
39 2 24
57 2 24
58 2 24
59 2 24
60 2 24
10 58 25
11 58 25
12 58 25
13 58 25
14 58 25
17 58 25
18 58 25
19 58 25
20 58 25
21 58 25
22 58 25
25 58 25
26 58 25
27 58 25
28 58 25
29 58 25
15 2 25
23 2 25
31 2 25
39 2 25
57 2 25
58 2 25
59 2 25
60 2 25
10 58 26
11 58 26
12 58 26
13 58 26
14 58 26
17 58 26
18 58 26
19 58 26
20 58 26
21 58 26
22 58 26
25 58 26
26 58 26
27 58 26
28 58 26
29 58 26
15 2 26
23 2 26
31 2 26
39 2 26
57 2 26
58 2 26
59 2 26
60 2 26
10 59 27
11 59 27
12 59 27
13 59 27
14 59 27
17 59 27
18 59 27
19 59 27
20 59 27
21 59 27
22 59 27
25 59 27
26 59 27
27 59 27
28 59 27
29 59 27
15 2 27
23 2 27
31 2 27
39 2 27
57 2 27
58 2 27
59 2 27
60 2 27
10 59 28
11 59 28
12 59 28
13 59 28
14 59 28
17 59 28
18 59 28
19 59 28
20 59 28
21 59 28
22 59 28
25 59 28
26 59 28
27 59 28
28 59 28
29 59 28
15 2 28
23 2 28
31 2 28
39 2 28
57 2 28
58 2 28
59 2 28
60 2 28
10 59 29
11 59 29
12 59 29
13 59 29
14 59 29
17 59 29
18 59 29
19 59 29
20 59 29
21 59 29
22 59 29
25 59 29
26 59 29
27 59 29
28 59 29
29 59 29
15 2 29
23 2 29
31 2 29
39 2 29
57 2 29
58 2 29
59 2 29
60 2 29
10 60 30
11 60 30
12 60 30
13 60 30
14 60 30
17 60 30
18 60 30
19 60 30
20 60 30
21 60 30
22 60 30
25 60 30
26 60 30
27 60 30
28 60 30
29 60 30
15 2 30
23 2 30
31 2 30
39 2 30
57 2 30
58 2 30
59 2 30
60 2 30
10 60 31
11 60 31
12 60 31
13 60 31
14 60 31
17 60 31
18 60 31
19 60 31
20 60 31
21 60 31
22 60 31
25 60 31
26 60 31
27 60 31
28 60 31
29 60 31
15 2 31
23 2 31
31 2 31
39 2 31
57 2 31
58 2 31
59 2 31
60 2 31
10 60 32
11 60 32
12 60 32
13 60 32
14 60 32
17 60 32
18 60 32
19 60 32
20 60 32
21 60 32
22 60 32
25 60 32
26 60 32
27 60 32
28 60 32
29 60 32
15 2 32
23 2 32
31 2 32
39 2 32
57 2 32
58 2 32
59 2 32
60 2 32
15 2 33
23 2 33
31 2 33
39 2 33
57 2 33
58 2 33
59 2 33
60 2 33
15 2 34
23 2 34
31 2 34
39 2 34
57 2 34
58 2 34
59 2 34
60 2 34
15 2 35
23 2 35
31 2 35
39 2 35
57 2 35
58 2 35
59 2 35
60 2 35
15 2 36
23 2 36
31 2 36
39 2 36
57 2 36
58 2 36
59 2 36
60 2 36
15 2 37
23 2 37
31 2 37
39 2 37
57 2 37
58 2 37
59 2 37
60 2 37
15 2 38
23 2 38
31 2 38
39 2 38
57 2 38
58 2 38
59 2 38
60 2 38
15 2 39
23 2 39
31 2 39
39 2 39
57 2 39
58 2 39
59 2 39
60 2 39
15 2 40
23 2 40
31 2 40
39 2 40
57 2 40
58 2 40
59 2 40
60 2 40
15 2 41
23 2 41
31 2 41
39 2 41
57 2 41
58 2 41
59 2 41
60 2 41
15 2 42
23 2 42
31 2 42
39 2 42
57 2 42
58 2 42
59 2 42
60 2 42
15 2 43
23 2 43
31 2 43
39 2 43
57 2 43
58 2 43
59 2 43
60 2 43
15 2 44
23 2 44
31 2 44
39 2 44
57 2 44
58 2 44
59 2 44
60 2 44
15 2 45
23 2 45
31 2 45
39 2 45
57 2 45
58 2 45
59 2 45
60 2 45
15 2 46
23 2 46
31 2 46
39 2 46
57 2 46
58 2 46
59 2 46
60 2 46
15 2 47
23 2 47
31 2 47
39 2 47
57 2 47
58 2 47
59 2 47
60 2 47
15 2 48
23 2 48
31 2 48
39 2 48
57 2 48
58 2 48
59 2 48
60 2 48
15 3 49
23 3 49
31 3 49
39 3 49
57 3 49
58 3 49
59 3 49
60 3 49
15 3 50
23 3 50
31 3 50
39 3 50
57 3 50
58 3 50
59 3 50
60 3 50
15 3 51
23 3 51
31 3 51
39 3 51
57 3 51
58 3 51
59 3 51
60 3 51
15 3 52
23 3 52
31 3 52
39 3 52
57 3 52
58 3 52
59 3 52
60 3 52
15 3 53
23 3 53
31 3 53
39 3 53
57 3 53
58 3 53
59 3 53
60 3 53
15 3 54
23 3 54
31 3 54
39 3 54
57 3 54
58 3 54
59 3 54
60 3 54
15 3 55
23 3 55
31 3 55
39 3 55
57 3 55
58 3 55
59 3 55
60 3 55
15 3 56
23 3 56
31 3 56
39 3 56
57 3 56
58 3 56
59 3 56
60 3 56
15 3 57
23 3 57
31 3 57
39 3 57
57 3 57
58 3 57
59 3 57
60 3 57
15 3 58
23 3 58
31 3 58
39 3 58
57 3 58
58 3 58
59 3 58
60 3 58
15 3 59
23 3 59
31 3 59
39 3 59
57 3 59
58 3 59
59 3 59
60 3 59
15 3 60
23 3 60
31 3 60
39 3 60
57 3 60
58 3 60
59 3 60
60 3 60
15 3 61
23 3 61
31 3 61
39 3 61
57 3 61
58 3 61
59 3 61
60 3 61
15 3 62
23 3 62
31 3 62
39 3 62
57 3 62
58 3 62
59 3 62
60 3 62
15 3 63
23 3 63
31 3 63
39 3 63
57 3 63
58 3 63
59 3 63
60 3 63
15 3 64
23 3 64
31 3 64
39 3 64
57 3 64
58 3 64
59 3 64
60 3 64
15 3 65
23 3 65
31 3 65
39 3 65
57 3 65
58 3 65
59 3 65
60 3 65
15 3 66
23 3 66
31 3 66
39 3 66
57 3 66
58 3 66
59 3 66
60 3 66
15 3 67
23 3 67
31 3 67
39 3 67
57 3 67
58 3 67
59 3 67
60 3 67
15 3 68
23 3 68
31 3 68
39 3 68
57 3 68
58 3 68
59 3 68
60 3 68
15 3 69
23 3 69
31 3 69
39 3 69
57 3 69
58 3 69
59 3 69
60 3 69
15 3 70
23 3 70
31 3 70
39 3 70
57 3 70
58 3 70
59 3 70
60 3 70
15 3 71
23 3 71
31 3 71
39 3 71
57 3 71
58 3 71
59 3 71
60 3 71
15 3 72
23 3 72
31 3 72
39 3 72
57 3 72
58 3 72
59 3 72
60 3 72
15 3 73
23 3 73
31 3 73
39 3 73
57 3 73
58 3 73
59 3 73
60 3 73
15 3 74
23 3 74
31 3 74
39 3 74
57 3 74
58 3 74
59 3 74
60 3 74
15 3 75
23 3 75
31 3 75
39 3 75
57 3 75
58 3 75
59 3 75
60 3 75
15 3 76
23 3 76
31 3 76
39 3 76
57 3 76
58 3 76
59 3 76
60 3 76
15 3 77
23 3 77
31 3 77
39 3 77
57 3 77
58 3 77
59 3 77
60 3 77
15 3 78
23 3 78
31 3 78
39 3 78
57 3 78
58 3 78
59 3 78
60 3 78
15 3 79
23 3 79
31 3 79
39 3 79
57 3 79
58 3 79
59 3 79
60 3 79
15 3 80
23 3 80
31 3 80
39 3 80
57 3 80
58 3 80
59 3 80
60 3 80
15 3 81
23 3 81
31 3 81
39 3 81
57 3 81
58 3 81
59 3 81
60 3 81
15 3 82
23 3 82
31 3 82
39 3 82
57 3 82
58 3 82
59 3 82
60 3 82
15 3 83
23 3 83
31 3 83
39 3 83
57 3 83
58 3 83
59 3 83
60 3 83
15 3 84
23 3 84
31 3 84
39 3 84
57 3 84
58 3 84
59 3 84
60 3 84
15 3 85
23 3 85
31 3 85
39 3 85
57 3 85
58 3 85
59 3 85
60 3 85
15 3 86
23 3 86
31 3 86
39 3 86
57 3 86
58 3 86
59 3 86
60 3 86
15 3 87
23 3 87
31 3 87
39 3 87
57 3 87
58 3 87
59 3 87
60 3 87
15 3 88
23 3 88
31 3 88
39 3 88
57 3 88
58 3 88
59 3 88
60 3 88
15 3 89
23 3 89
31 3 89
39 3 89
57 3 89
58 3 89
59 3 89
60 3 89
15 3 90
23 3 90
31 3 90
39 3 90
57 3 90
58 3 90
59 3 90
60 3 90
15 3 91
23 3 91
31 3 91
39 3 91
57 3 91
58 3 91
59 3 91
60 3 91
15 3 92
23 3 92
31 3 92
39 3 92
57 3 92
58 3 92
59 3 92
60 3 92
15 3 93
23 3 93
31 3 93
39 3 93
57 3 93
58 3 93
59 3 93
60 3 93
15 3 94
23 3 94
31 3 94
39 3 94
57 3 94
58 3 94
59 3 94
60 3 94
15 3 95
23 3 95
31 3 95
39 3 95
57 3 95
58 3 95
59 3 95
60 3 95
15 3 96
23 3 96
31 3 96
39 3 96
57 3 96
58 3 96
59 3 96
60 3 96
15 4 97
23 4 97
31 4 97
39 4 97
57 4 97
58 4 97
59 4 97
60 4 97
15 4 98
23 4 98
31 4 98
39 4 98
57 4 98
58 4 98
59 4 98
60 4 98
15 4 99
23 4 99
31 4 99
39 4 99
57 4 99
58 4 99
59 4 99
60 4 99
15 4 100
23 4 100
31 4 100
39 4 100
57 4 100
58 4 100
59 4 100
60 4 100
15 4 101
23 4 101
31 4 101
39 4 101
57 4 101
58 4 101
59 4 101
60 4 101
15 4 102
23 4 102
31 4 102
39 4 102
57 4 102
58 4 102
59 4 102
60 4 102
15 4 103
23 4 103
31 4 103
39 4 103
57 4 103
58 4 103
59 4 103
60 4 103
15 4 104
23 4 104
31 4 104
39 4 104
57 4 104
58 4 104
59 4 104
60 4 104
15 4 105
23 4 105
31 4 105
39 4 105
57 4 105
58 4 105
59 4 105
60 4 105
15 4 106
23 4 106
31 4 106
39 4 106
57 4 106
58 4 106
59 4 106
60 4 106
15 4 107
23 4 107
31 4 107
39 4 107
57 4 107
58 4 107
59 4 107
60 4 107
15 4 108
23 4 108
31 4 108
39 4 108
57 4 108
58 4 108
59 4 108
60 4 108
15 4 109
23 4 109
31 4 109
39 4 109
57 4 109
58 4 109
59 4 109
60 4 109
15 4 110
23 4 110
31 4 110
39 4 110
57 4 110
58 4 110
59 4 110
60 4 110
15 4 111
23 4 111
31 4 111
39 4 111
57 4 111
58 4 111
59 4 111
60 4 111
15 4 112
23 4 112
31 4 112
39 4 112
57 4 112
58 4 112
59 4 112
60 4 112
15 4 113
23 4 113
31 4 113
39 4 113
57 4 113
58 4 113
59 4 113
60 4 113
15 4 114
23 4 114
31 4 114
39 4 114
57 4 114
58 4 114
59 4 114
60 4 114
15 4 115
23 4 115
31 4 115
39 4 115
57 4 115
58 4 115
59 4 115
60 4 115
15 4 116
23 4 116
31 4 116
39 4 116
57 4 116
58 4 116
59 4 116
60 4 116
15 4 117
23 4 117
31 4 117
39 4 117
57 4 117
58 4 117
59 4 117
60 4 117
15 4 118
23 4 118
31 4 118
39 4 118
57 4 118
58 4 118
59 4 118
60 4 118
15 4 119
23 4 119
31 4 119
39 4 119
57 4 119
58 4 119
59 4 119
60 4 119
15 4 120
23 4 120
31 4 120
39 4 120
57 4 120
58 4 120
59 4 120
60 4 120
15 4 121
23 4 121
31 4 121
39 4 121
57 4 121
58 4 121
59 4 121
60 4 121
15 4 122
23 4 122
31 4 122
39 4 122
57 4 122
58 4 122
59 4 122
60 4 122
15 4 123
23 4 123
31 4 123
39 4 123
57 4 123
58 4 123
59 4 123
60 4 123
15 4 124
23 4 124
31 4 124
39 4 124
57 4 124
58 4 124
59 4 124
60 4 124
15 4 125
23 4 125
31 4 125
39 4 125
57 4 125
58 4 125
59 4 125
60 4 125
15 4 126
23 4 126
31 4 126
39 4 126
57 4 126
58 4 126
59 4 126
60 4 126
15 4 127
23 4 127
31 4 127
39 4 127
57 4 127
58 4 127
59 4 127
60 4 127
15 4 128
23 4 128
31 4 128
39 4 128
57 4 128
58 4 128
59 4 128
60 4 128
15 4 129
23 4 129
31 4 129
39 4 129
57 4 129
58 4 129
59 4 129
60 4 129
15 4 130
23 4 130
31 4 130
39 4 130
57 4 130
58 4 130
59 4 130
60 4 130
15 4 131
23 4 131
31 4 131
39 4 131
57 4 131
58 4 131
59 4 131
60 4 131
15 4 132
23 4 132
31 4 132
39 4 132
57 4 132
58 4 132
59 4 132
60 4 132
15 4 133
23 4 133
31 4 133
39 4 133
57 4 133
58 4 133
59 4 133
60 4 133
15 4 134
23 4 134
31 4 134
39 4 134
57 4 134
58 4 134
59 4 134
60 4 134
15 4 135
23 4 135
31 4 135
39 4 135
57 4 135
58 4 135
59 4 135
60 4 135
15 4 136
23 4 136
31 4 136
39 4 136
57 4 136
58 4 136
59 4 136
60 4 136
15 4 137
23 4 137
31 4 137
39 4 137
57 4 137
58 4 137
59 4 137
60 4 137
15 4 138
23 4 138
31 4 138
39 4 138
57 4 138
58 4 138
59 4 138
60 4 138
15 4 139
23 4 139
31 4 139
39 4 139
57 4 139
58 4 139
59 4 139
60 4 139
15 4 140
23 4 140
31 4 140
39 4 140
57 4 140
58 4 140
59 4 140
60 4 140
15 4 141
23 4 141
31 4 141
39 4 141
57 4 141
58 4 141
59 4 141
60 4 141
15 4 142
23 4 142
31 4 142
39 4 142
57 4 142
58 4 142
59 4 142
60 4 142
15 4 143
23 4 143
31 4 143
39 4 143
57 4 143
58 4 143
59 4 143
60 4 143
15 4 144
23 4 144
31 4 144
39 4 144
57 4 144
58 4 144
59 4 144
60 4 144
15 5 145
23 5 145
31 5 145
39 5 145
57 5 145
58 5 145
59 5 145
60 5 145
15 5 146
23 5 146
31 5 146
39 5 146
57 5 146
58 5 146
59 5 146
60 5 146
15 5 147
23 5 147
31 5 147
39 5 147
57 5 147
58 5 147
59 5 147
60 5 147
15 5 148
23 5 148
31 5 148
39 5 148
57 5 148
58 5 148
59 5 148
60 5 148
15 5 149
23 5 149
31 5 149
39 5 149
57 5 149
58 5 149
59 5 149
60 5 149
15 5 150
23 5 150
31 5 150
39 5 150
57 5 150
58 5 150
59 5 150
60 5 150
15 5 151
23 5 151
31 5 151
39 5 151
57 5 151
58 5 151
59 5 151
60 5 151
15 5 152
23 5 152
31 5 152
39 5 152
57 5 152
58 5 152
59 5 152
60 5 152
15 5 153
23 5 153
31 5 153
39 5 153
57 5 153
58 5 153
59 5 153
60 5 153
15 5 154
23 5 154
31 5 154
39 5 154
57 5 154
58 5 154
59 5 154
60 5 154
15 5 155
23 5 155
31 5 155
39 5 155
57 5 155
58 5 155
59 5 155
60 5 155
15 5 156
23 5 156
31 5 156
39 5 156
57 5 156
58 5 156
59 5 156
60 5 156
15 5 157
23 5 157
31 5 157
39 5 157
57 5 157
58 5 157
59 5 157
60 5 157
15 5 158
23 5 158
31 5 158
39 5 158
57 5 158
58 5 158
59 5 158
60 5 158
15 5 159
23 5 159
31 5 159
39 5 159
57 5 159
58 5 159
59 5 159
60 5 159
15 5 160
23 5 160
31 5 160
39 5 160
57 5 160
58 5 160
59 5 160
60 5 160
15 5 161
23 5 161
31 5 161
39 5 161
57 5 161
58 5 161
59 5 161
60 5 161
15 5 162
23 5 162
31 5 162
39 5 162
57 5 162
58 5 162
59 5 162
60 5 162
15 5 163
23 5 163
31 5 163
39 5 163
57 5 163
58 5 163
59 5 163
60 5 163
15 5 164
23 5 164
31 5 164
39 5 164
57 5 164
58 5 164
59 5 164
60 5 164
15 5 165
23 5 165
31 5 165
39 5 165
57 5 165
58 5 165
59 5 165
60 5 165
15 5 166
23 5 166
31 5 166
39 5 166
57 5 166
58 5 166
59 5 166
60 5 166
15 5 167
23 5 167
31 5 167
39 5 167
57 5 167
58 5 167
59 5 167
60 5 167
15 5 168
23 5 168
31 5 168
39 5 168
57 5 168
58 5 168
59 5 168
60 5 168
15 5 169
23 5 169
31 5 169
39 5 169
57 5 169
58 5 169
59 5 169
60 5 169
15 5 170
23 5 170
31 5 170
39 5 170
57 5 170
58 5 170
59 5 170
60 5 170
15 5 171
23 5 171
31 5 171
39 5 171
57 5 171
58 5 171
59 5 171
60 5 171
15 5 172
23 5 172
31 5 172
39 5 172
57 5 172
58 5 172
59 5 172
60 5 172
15 5 173
23 5 173
31 5 173
39 5 173
57 5 173
58 5 173
59 5 173
60 5 173
15 5 174
23 5 174
31 5 174
39 5 174
57 5 174
58 5 174
59 5 174
60 5 174
15 5 175
23 5 175
31 5 175
39 5 175
57 5 175
58 5 175
59 5 175
60 5 175
15 5 176
23 5 176
31 5 176
39 5 176
57 5 176
58 5 176
59 5 176
60 5 176
15 5 177
23 5 177
31 5 177
39 5 177
57 5 177
58 5 177
59 5 177
60 5 177
15 5 178
23 5 178
31 5 178
39 5 178
57 5 178
58 5 178
59 5 178
60 5 178
15 5 179
23 5 179
31 5 179
39 5 179
57 5 179
58 5 179
59 5 179
60 5 179
15 5 180
23 5 180
31 5 180
39 5 180
57 5 180
58 5 180
59 5 180
60 5 180
15 5 181
23 5 181
31 5 181
39 5 181
57 5 181
58 5 181
59 5 181
60 5 181
15 5 182
23 5 182
31 5 182
39 5 182
57 5 182
58 5 182
59 5 182
60 5 182
15 5 183
23 5 183
31 5 183
39 5 183
57 5 183
58 5 183
59 5 183
60 5 183
15 5 184
23 5 184
31 5 184
39 5 184
57 5 184
58 5 184
59 5 184
60 5 184
15 5 185
23 5 185
31 5 185
39 5 185
57 5 185
58 5 185
59 5 185
60 5 185
15 5 186
23 5 186
31 5 186
39 5 186
57 5 186
58 5 186
59 5 186
60 5 186
15 5 187
23 5 187
31 5 187
39 5 187
57 5 187
58 5 187
59 5 187
60 5 187
15 5 188
23 5 188
31 5 188
39 5 188
57 5 188
58 5 188
59 5 188
60 5 188
15 5 189
23 5 189
31 5 189
39 5 189
57 5 189
58 5 189
59 5 189
60 5 189
15 5 190
23 5 190
31 5 190
39 5 190
57 5 190
58 5 190
59 5 190
60 5 190
15 5 191
23 5 191
31 5 191
39 5 191
57 5 191
58 5 191
59 5 191
60 5 191
15 5 192
23 5 192
31 5 192
39 5 192
57 5 192
58 5 192
59 5 192
60 5 192
15 24 193
23 24 193
31 24 193
39 24 193
57 24 193
58 24 193
59 24 193
60 24 193
15 24 194
23 24 194
31 24 194
39 24 194
57 24 194
58 24 194
59 24 194
60 24 194
15 24 195
23 24 195
31 24 195
39 24 195
57 24 195
58 24 195
59 24 195
60 24 195
15 24 196
23 24 196
31 24 196
39 24 196
57 24 196
58 24 196
59 24 196
60 24 196
15 24 197
23 24 197
31 24 197
39 24 197
57 24 197
58 24 197
59 24 197
60 24 197
15 24 198
23 24 198
31 24 198
39 24 198
57 24 198
58 24 198
59 24 198
60 24 198
15 24 199
23 24 199
31 24 199
39 24 199
57 24 199
58 24 199
59 24 199
60 24 199
15 24 200
23 24 200
31 24 200
39 24 200
57 24 200
58 24 200
59 24 200
60 24 200
15 24 201
23 24 201
31 24 201
39 24 201
57 24 201
58 24 201
59 24 201
60 24 201
15 24 202
23 24 202
31 24 202
39 24 202
57 24 202
58 24 202
59 24 202
60 24 202
15 24 203
23 24 203
31 24 203
39 24 203
57 24 203
58 24 203
59 24 203
60 24 203
15 24 204
23 24 204
31 24 204
39 24 204
57 24 204
58 24 204
59 24 204
60 24 204
15 24 205
23 24 205
31 24 205
39 24 205
57 24 205
58 24 205
59 24 205
60 24 205
15 24 206
23 24 206
31 24 206
39 24 206
57 24 206
58 24 206
59 24 206
60 24 206
15 24 207
23 24 207
31 24 207
39 24 207
57 24 207
58 24 207
59 24 207
60 24 207
15 24 208
23 24 208
31 24 208
39 24 208
57 24 208
58 24 208
59 24 208
60 24 208
15 24 209
23 24 209
31 24 209
39 24 209
57 24 209
58 24 209
59 24 209
60 24 209
15 24 210
23 24 210
31 24 210
39 24 210
57 24 210
58 24 210
59 24 210
60 24 210
15 24 211
23 24 211
31 24 211
39 24 211
57 24 211
58 24 211
59 24 211
60 24 211
15 24 212
23 24 212
31 24 212
39 24 212
57 24 212
58 24 212
59 24 212
60 24 212
15 24 213
23 24 213
31 24 213
39 24 213
57 24 213
58 24 213
59 24 213
60 24 213
15 24 214
23 24 214
31 24 214
39 24 214
57 24 214
58 24 214
59 24 214
60 24 214
15 24 215
23 24 215
31 24 215
39 24 215
57 24 215
58 24 215
59 24 215
60 24 215
15 24 216
23 24 216
31 24 216
39 24 216
57 24 216
58 24 216
59 24 216
60 24 216
15 24 217
23 24 217
31 24 217
39 24 217
57 24 217
58 24 217
59 24 217
60 24 217
15 24 218
23 24 218
31 24 218
39 24 218
57 24 218
58 24 218
59 24 218
60 24 218
15 24 219
23 24 219
31 24 219
39 24 219
57 24 219
58 24 219
59 24 219
60 24 219
15 24 220
23 24 220
31 24 220
39 24 220
57 24 220
58 24 220
59 24 220
60 24 220
15 24 221
23 24 221
31 24 221
39 24 221
57 24 221
58 24 221
59 24 221
60 24 221
15 24 222
23 24 222
31 24 222
39 24 222
57 24 222
58 24 222
59 24 222
60 24 222
15 24 223
23 24 223
31 24 223
39 24 223
57 24 223
58 24 223
59 24 223
60 24 223
15 24 224
23 24 224
31 24 224
39 24 224
57 24 224
58 24 224
59 24 224
60 24 224
15 24 225
23 24 225
31 24 225
39 24 225
57 24 225
58 24 225
59 24 225
60 24 225
15 24 226
23 24 226
31 24 226
39 24 226
57 24 226
58 24 226
59 24 226
60 24 226
15 24 227
23 24 227
31 24 227
39 24 227
57 24 227
58 24 227
59 24 227
60 24 227
15 24 228
23 24 228
31 24 228
39 24 228
57 24 228
58 24 228
59 24 228
60 24 228
15 24 229
23 24 229
31 24 229
39 24 229
57 24 229
58 24 229
59 24 229
60 24 229
15 24 230
23 24 230
31 24 230
39 24 230
57 24 230
58 24 230
59 24 230
60 24 230
15 24 231
23 24 231
31 24 231
39 24 231
57 24 231
58 24 231
59 24 231
60 24 231
15 24 232
23 24 232
31 24 232
39 24 232
57 24 232
58 24 232
59 24 232
60 24 232
15 24 233
23 24 233
31 24 233
39 24 233
57 24 233
58 24 233
59 24 233
60 24 233
15 24 234
23 24 234
31 24 234
39 24 234
57 24 234
58 24 234
59 24 234
60 24 234
15 24 235
23 24 235
31 24 235
39 24 235
57 24 235
58 24 235
59 24 235
60 24 235
15 24 236
23 24 236
31 24 236
39 24 236
57 24 236
58 24 236
59 24 236
60 24 236
15 24 237
23 24 237
31 24 237
39 24 237
57 24 237
58 24 237
59 24 237
60 24 237
15 24 238
23 24 238
31 24 238
39 24 238
57 24 238
58 24 238
59 24 238
60 24 238
15 24 239
23 24 239
31 24 239
39 24 239
57 24 239
58 24 239
59 24 239
60 24 239
15 24 240
23 24 240
31 24 240
39 24 240
57 24 240
58 24 240
59 24 240
60 24 240
15 32 241
23 32 241
31 32 241
39 32 241
57 32 241
58 32 241
59 32 241
60 32 241
15 32 242
23 32 242
31 32 242
39 32 242
57 32 242
58 32 242
59 32 242
60 32 242
15 32 243
23 32 243
31 32 243
39 32 243
57 32 243
58 32 243
59 32 243
60 32 243
15 32 244
23 32 244
31 32 244
39 32 244
57 32 244
58 32 244
59 32 244
60 32 244
15 32 245
23 32 245
31 32 245
39 32 245
57 32 245
58 32 245
59 32 245
60 32 245
15 32 246
23 32 246
31 32 246
39 32 246
57 32 246
58 32 246
59 32 246
60 32 246
15 32 247
23 32 247
31 32 247
39 32 247
57 32 247
58 32 247
59 32 247
60 32 247
15 32 248
23 32 248
31 32 248
39 32 248
57 32 248
58 32 248
59 32 248
60 32 248
15 32 249
23 32 249
31 32 249
39 32 249
57 32 249
58 32 249
59 32 249
60 32 249
15 32 250
23 32 250
31 32 250
39 32 250
57 32 250
58 32 250
59 32 250
60 32 250
15 32 251
23 32 251
31 32 251
39 32 251
57 32 251
58 32 251
59 32 251
60 32 251
15 32 252
23 32 252
31 32 252
39 32 252
57 32 252
58 32 252
59 32 252
60 32 252
15 32 253
23 32 253
31 32 253
39 32 253
57 32 253
58 32 253
59 32 253
60 32 253
15 32 254
23 32 254
31 32 254
39 32 254
57 32 254
58 32 254
59 32 254
60 32 254
15 32 255
23 32 255
31 32 255
39 32 255
57 32 255
58 32 255
59 32 255
60 32 255
15 32 256
23 32 256
31 32 256
39 32 256
57 32 256
58 32 256
59 32 256
60 32 256
15 32 257
23 32 257
31 32 257
39 32 257
57 32 257
58 32 257
59 32 257
60 32 257
15 32 258
23 32 258
31 32 258
39 32 258
57 32 258
58 32 258
59 32 258
60 32 258
15 32 259
23 32 259
31 32 259
39 32 259
57 32 259
58 32 259
59 32 259
60 32 259
15 32 260
23 32 260
31 32 260
39 32 260
57 32 260
58 32 260
59 32 260
60 32 260
15 32 261
23 32 261
31 32 261
39 32 261
57 32 261
58 32 261
59 32 261
60 32 261
15 32 262
23 32 262
31 32 262
39 32 262
57 32 262
58 32 262
59 32 262
60 32 262
15 32 263
23 32 263
31 32 263
39 32 263
57 32 263
58 32 263
59 32 263
60 32 263
15 32 264
23 32 264
31 32 264
39 32 264
57 32 264
58 32 264
59 32 264
60 32 264
15 32 265
23 32 265
31 32 265
39 32 265
57 32 265
58 32 265
59 32 265
60 32 265
15 32 266
23 32 266
31 32 266
39 32 266
57 32 266
58 32 266
59 32 266
60 32 266
15 32 267
23 32 267
31 32 267
39 32 267
57 32 267
58 32 267
59 32 267
60 32 267
15 32 268
23 32 268
31 32 268
39 32 268
57 32 268
58 32 268
59 32 268
60 32 268
15 32 269
23 32 269
31 32 269
39 32 269
57 32 269
58 32 269
59 32 269
60 32 269
15 32 270
23 32 270
31 32 270
39 32 270
57 32 270
58 32 270
59 32 270
60 32 270
15 32 271
23 32 271
31 32 271
39 32 271
57 32 271
58 32 271
59 32 271
60 32 271
15 32 272
23 32 272
31 32 272
39 32 272
57 32 272
58 32 272
59 32 272
60 32 272
15 32 273
23 32 273
31 32 273
39 32 273
57 32 273
58 32 273
59 32 273
60 32 273
15 32 274
23 32 274
31 32 274
39 32 274
57 32 274
58 32 274
59 32 274
60 32 274
15 32 275
23 32 275
31 32 275
39 32 275
57 32 275
58 32 275
59 32 275
60 32 275
15 32 276
23 32 276
31 32 276
39 32 276
57 32 276
58 32 276
59 32 276
60 32 276
15 32 277
23 32 277
31 32 277
39 32 277
57 32 277
58 32 277
59 32 277
60 32 277
15 32 278
23 32 278
31 32 278
39 32 278
57 32 278
58 32 278
59 32 278
60 32 278
15 32 279
23 32 279
31 32 279
39 32 279
57 32 279
58 32 279
59 32 279
60 32 279
15 32 280
23 32 280
31 32 280
39 32 280
57 32 280
58 32 280
59 32 280
60 32 280
15 32 281
23 32 281
31 32 281
39 32 281
57 32 281
58 32 281
59 32 281
60 32 281
15 32 282
23 32 282
31 32 282
39 32 282
57 32 282
58 32 282
59 32 282
60 32 282
15 32 283
23 32 283
31 32 283
39 32 283
57 32 283
58 32 283
59 32 283
60 32 283
15 32 284
23 32 284
31 32 284
39 32 284
57 32 284
58 32 284
59 32 284
60 32 284
15 32 285
23 32 285
31 32 285
39 32 285
57 32 285
58 32 285
59 32 285
60 32 285
15 32 286
23 32 286
31 32 286
39 32 286
57 32 286
58 32 286
59 32 286
60 32 286
15 32 287
23 32 287
31 32 287
39 32 287
57 32 287
58 32 287
59 32 287
60 32 287
15 32 288
23 32 288
31 32 288
39 32 288
57 32 288
58 32 288
59 32 288
60 32 288
15 40 289
23 40 289
31 40 289
39 40 289
57 40 289
58 40 289
59 40 289
60 40 289
15 40 290
23 40 290
31 40 290
39 40 290
57 40 290
58 40 290
59 40 290
60 40 290
15 40 291
23 40 291
31 40 291
39 40 291
57 40 291
58 40 291
59 40 291
60 40 291
15 40 292
23 40 292
31 40 292
39 40 292
57 40 292
58 40 292
59 40 292
60 40 292
15 40 293
23 40 293
31 40 293
39 40 293
57 40 293
58 40 293
59 40 293
60 40 293
15 40 294
23 40 294
31 40 294
39 40 294
57 40 294
58 40 294
59 40 294
60 40 294
15 40 295
23 40 295
31 40 295
39 40 295
57 40 295
58 40 295
59 40 295
60 40 295
15 40 296
23 40 296
31 40 296
39 40 296
57 40 296
58 40 296
59 40 296
60 40 296
15 40 297
23 40 297
31 40 297
39 40 297
57 40 297
58 40 297
59 40 297
60 40 297
15 40 298
23 40 298
31 40 298
39 40 298
57 40 298
58 40 298
59 40 298
60 40 298
15 40 299
23 40 299
31 40 299
39 40 299
57 40 299
58 40 299
59 40 299
60 40 299
15 40 300
23 40 300
31 40 300
39 40 300
57 40 300
58 40 300
59 40 300
60 40 300
15 40 301
23 40 301
31 40 301
39 40 301
57 40 301
58 40 301
59 40 301
60 40 301
15 40 302
23 40 302
31 40 302
39 40 302
57 40 302
58 40 302
59 40 302
60 40 302
15 40 303
23 40 303
31 40 303
39 40 303
57 40 303
58 40 303
59 40 303
60 40 303
15 40 304
23 40 304
31 40 304
39 40 304
57 40 304
58 40 304
59 40 304
60 40 304
15 40 305
23 40 305
31 40 305
39 40 305
57 40 305
58 40 305
59 40 305
60 40 305
15 40 306
23 40 306
31 40 306
39 40 306
57 40 306
58 40 306
59 40 306
60 40 306
15 40 307
23 40 307
31 40 307
39 40 307
57 40 307
58 40 307
59 40 307
60 40 307
15 40 308
23 40 308
31 40 308
39 40 308
57 40 308
58 40 308
59 40 308
60 40 308
15 40 309
23 40 309
31 40 309
39 40 309
57 40 309
58 40 309
59 40 309
60 40 309
15 40 310
23 40 310
31 40 310
39 40 310
57 40 310
58 40 310
59 40 310
60 40 310
15 40 311
23 40 311
31 40 311
39 40 311
57 40 311
58 40 311
59 40 311
60 40 311
15 40 312
23 40 312
31 40 312
39 40 312
57 40 312
58 40 312
59 40 312
60 40 312
15 40 313
23 40 313
31 40 313
39 40 313
57 40 313
58 40 313
59 40 313
60 40 313
15 40 314
23 40 314
31 40 314
39 40 314
57 40 314
58 40 314
59 40 314
60 40 314
15 40 315
23 40 315
31 40 315
39 40 315
57 40 315
58 40 315
59 40 315
60 40 315
15 40 316
23 40 316
31 40 316
39 40 316
57 40 316
58 40 316
59 40 316
60 40 316
15 40 317
23 40 317
31 40 317
39 40 317
57 40 317
58 40 317
59 40 317
60 40 317
15 40 318
23 40 318
31 40 318
39 40 318
57 40 318
58 40 318
59 40 318
60 40 318
15 40 319
23 40 319
31 40 319
39 40 319
57 40 319
58 40 319
59 40 319
60 40 319
15 40 320
23 40 320
31 40 320
39 40 320
57 40 320
58 40 320
59 40 320
60 40 320
15 40 321
23 40 321
31 40 321
39 40 321
57 40 321
58 40 321
59 40 321
60 40 321
15 40 322
23 40 322
31 40 322
39 40 322
57 40 322
58 40 322
59 40 322
60 40 322
15 40 323
23 40 323
31 40 323
39 40 323
57 40 323
58 40 323
59 40 323
60 40 323
15 40 324
23 40 324
31 40 324
39 40 324
57 40 324
58 40 324
59 40 324
60 40 324
15 40 325
23 40 325
31 40 325
39 40 325
57 40 325
58 40 325
59 40 325
60 40 325
15 40 326
23 40 326
31 40 326
39 40 326
57 40 326
58 40 326
59 40 326
60 40 326
15 40 327
23 40 327
31 40 327
39 40 327
57 40 327
58 40 327
59 40 327
60 40 327
15 40 328
23 40 328
31 40 328
39 40 328
57 40 328
58 40 328
59 40 328
60 40 328
15 40 329
23 40 329
31 40 329
39 40 329
57 40 329
58 40 329
59 40 329
60 40 329
15 40 330
23 40 330
31 40 330
39 40 330
57 40 330
58 40 330
59 40 330
60 40 330
15 40 331
23 40 331
31 40 331
39 40 331
57 40 331
58 40 331
59 40 331
60 40 331
15 40 332
23 40 332
31 40 332
39 40 332
57 40 332
58 40 332
59 40 332
60 40 332
15 40 333
23 40 333
31 40 333
39 40 333
57 40 333
58 40 333
59 40 333
60 40 333
15 40 334
23 40 334
31 40 334
39 40 334
57 40 334
58 40 334
59 40 334
60 40 334
15 40 335
23 40 335
31 40 335
39 40 335
57 40 335
58 40 335
59 40 335
60 40 335
15 40 336
23 40 336
31 40 336
39 40 336
57 40 336
58 40 336
59 40 336
60 40 336
15 48 337
23 48 337
31 48 337
39 48 337
57 48 337
58 48 337
59 48 337
60 48 337
15 48 338
23 48 338
31 48 338
39 48 338
57 48 338
58 48 338
59 48 338
60 48 338
15 48 339
23 48 339
31 48 339
39 48 339
57 48 339
58 48 339
59 48 339
60 48 339
15 48 340
23 48 340
31 48 340
39 48 340
57 48 340
58 48 340
59 48 340
60 48 340
15 48 341
23 48 341
31 48 341
39 48 341
57 48 341
58 48 341
59 48 341
60 48 341
15 48 342
23 48 342
31 48 342
39 48 342
57 48 342
58 48 342
59 48 342
60 48 342
15 48 343
23 48 343
31 48 343
39 48 343
57 48 343
58 48 343
59 48 343
60 48 343
15 48 344
23 48 344
31 48 344
39 48 344
57 48 344
58 48 344
59 48 344
60 48 344
15 48 345
23 48 345
31 48 345
39 48 345
57 48 345
58 48 345
59 48 345
60 48 345
15 48 346
23 48 346
31 48 346
39 48 346
57 48 346
58 48 346
59 48 346
60 48 346
15 48 347
23 48 347
31 48 347
39 48 347
57 48 347
58 48 347
59 48 347
60 48 347
15 48 348
23 48 348
31 48 348
39 48 348
57 48 348
58 48 348
59 48 348
60 48 348
15 48 349
23 48 349
31 48 349
39 48 349
57 48 349
58 48 349
59 48 349
60 48 349
15 48 350
23 48 350
31 48 350
39 48 350
57 48 350
58 48 350
59 48 350
60 48 350
15 48 351
23 48 351
31 48 351
39 48 351
57 48 351
58 48 351
59 48 351
60 48 351
15 48 352
23 48 352
31 48 352
39 48 352
57 48 352
58 48 352
59 48 352
60 48 352
15 48 353
23 48 353
31 48 353
39 48 353
57 48 353
58 48 353
59 48 353
60 48 353
15 48 354
23 48 354
31 48 354
39 48 354
57 48 354
58 48 354
59 48 354
60 48 354
15 48 355
23 48 355
31 48 355
39 48 355
57 48 355
58 48 355
59 48 355
60 48 355
15 48 356
23 48 356
31 48 356
39 48 356
57 48 356
58 48 356
59 48 356
60 48 356
15 48 357
23 48 357
31 48 357
39 48 357
57 48 357
58 48 357
59 48 357
60 48 357
15 48 358
23 48 358
31 48 358
39 48 358
57 48 358
58 48 358
59 48 358
60 48 358
15 48 359
23 48 359
31 48 359
39 48 359
57 48 359
58 48 359
59 48 359
60 48 359
15 48 360
23 48 360
31 48 360
39 48 360
57 48 360
58 48 360
59 48 360
60 48 360
15 48 361
23 48 361
31 48 361
39 48 361
57 48 361
58 48 361
59 48 361
60 48 361
15 48 362
23 48 362
31 48 362
39 48 362
57 48 362
58 48 362
59 48 362
60 48 362
15 48 363
23 48 363
31 48 363
39 48 363
57 48 363
58 48 363
59 48 363
60 48 363
15 48 364
23 48 364
31 48 364
39 48 364
57 48 364
58 48 364
59 48 364
60 48 364
15 48 365
23 48 365
31 48 365
39 48 365
57 48 365
58 48 365
59 48 365
60 48 365
15 48 366
23 48 366
31 48 366
39 48 366
57 48 366
58 48 366
59 48 366
60 48 366
15 48 367
23 48 367
31 48 367
39 48 367
57 48 367
58 48 367
59 48 367
60 48 367
15 48 368
23 48 368
31 48 368
39 48 368
57 48 368
58 48 368
59 48 368
60 48 368
15 48 369
23 48 369
31 48 369
39 48 369
57 48 369
58 48 369
59 48 369
60 48 369
15 48 370
23 48 370
31 48 370
39 48 370
57 48 370
58 48 370
59 48 370
60 48 370
15 48 371
23 48 371
31 48 371
39 48 371
57 48 371
58 48 371
59 48 371
60 48 371
15 48 372
23 48 372
31 48 372
39 48 372
57 48 372
58 48 372
59 48 372
60 48 372
15 48 373
23 48 373
31 48 373
39 48 373
57 48 373
58 48 373
59 48 373
60 48 373
15 48 374
23 48 374
31 48 374
39 48 374
57 48 374
58 48 374
59 48 374
60 48 374
15 48 375
23 48 375
31 48 375
39 48 375
57 48 375
58 48 375
59 48 375
60 48 375
15 48 376
23 48 376
31 48 376
39 48 376
57 48 376
58 48 376
59 48 376
60 48 376
15 48 377
23 48 377
31 48 377
39 48 377
57 48 377
58 48 377
59 48 377
60 48 377
15 48 378
23 48 378
31 48 378
39 48 378
57 48 378
58 48 378
59 48 378
60 48 378
15 48 379
23 48 379
31 48 379
39 48 379
57 48 379
58 48 379
59 48 379
60 48 379
15 48 380
23 48 380
31 48 380
39 48 380
57 48 380
58 48 380
59 48 380
60 48 380
15 48 381
23 48 381
31 48 381
39 48 381
57 48 381
58 48 381
59 48 381
60 48 381
15 48 382
23 48 382
31 48 382
39 48 382
57 48 382
58 48 382
59 48 382
60 48 382
15 48 383
23 48 383
31 48 383
39 48 383
57 48 383
58 48 383
59 48 383
60 48 383
15 48 384
23 48 384
31 48 384
39 48 384
57 48 384
58 48 384
59 48 384
60 48 384
