14 3 1
17 3 1
18 3 1
19 3 1
20 3 1
21 3 1
22 3 1
25 3 1
26 3 1
27 3 1
28 3 1
29 3 1
30 3 1
33 3 1
34 3 1
35 3 1
31 3 1
39 3 1
47 3 1
55 3 1
59 3 1
60 3 1
61 3 1
62 3 1
14 4 2
17 4 2
18 4 2
19 4 2
20 4 2
21 4 2
22 4 2
25 4 2
26 4 2
27 4 2
28 4 2
29 4 2
30 4 2
33 4 2
34 4 2
35 4 2
31 3 2
39 3 2
47 3 2
55 3 2
59 3 2
60 3 2
61 3 2
62 3 2
14 5 3
17 5 3
18 5 3
19 5 3
20 5 3
21 5 3
22 5 3
25 5 3
26 5 3
27 5 3
28 5 3
29 5 3
30 5 3
33 5 3
34 5 3
35 5 3
31 3 3
39 3 3
47 3 3
55 3 3
59 3 3
60 3 3
61 3 3
62 3 3
14 6 4
17 6 4
18 6 4
19 6 4
20 6 4
21 6 4
22 6 4
25 6 4
26 6 4
27 6 4
28 6 4
29 6 4
30 6 4
33 6 4
34 6 4
35 6 4
31 3 4
39 3 4
47 3 4
55 3 4
59 3 4
60 3 4
61 3 4
62 3 4
14 24 5
17 24 5
18 24 5
19 24 5
20 24 5
21 24 5
22 24 5
25 24 5
26 24 5
27 24 5
28 24 5
29 24 5
30 24 5
33 24 5
34 24 5
35 24 5
31 3 5
39 3 5
47 3 5
55 3 5
59 3 5
60 3 5
61 3 5
62 3 5
14 32 6
17 32 6
18 32 6
19 32 6
20 32 6
21 32 6
22 32 6
25 32 6
26 32 6
27 32 6
28 32 6
29 32 6
30 32 6
33 32 6
34 32 6
35 32 6
31 3 6
39 3 6
47 3 6
55 3 6
59 3 6
60 3 6
61 3 6
62 3 6
14 40 7
17 40 7
18 40 7
19 40 7
20 40 7
21 40 7
22 40 7
25 40 7
26 40 7
27 40 7
28 40 7
29 40 7
30 40 7
33 40 7
34 40 7
35 40 7
31 3 7
39 3 7
47 3 7
55 3 7
59 3 7
60 3 7
61 3 7
62 3 7
14 48 8
17 48 8
18 48 8
19 48 8
20 48 8
21 48 8
22 48 8
25 48 8
26 48 8
27 48 8
28 48 8
29 48 8
30 48 8
33 48 8
34 48 8
35 48 8
31 3 8
39 3 8
47 3 8
55 3 8
59 3 8
60 3 8
61 3 8
62 3 8
14 31 9
17 31 9
18 31 9
19 31 9
20 31 9
21 31 9
22 31 9
25 31 9
26 31 9
27 31 9
28 31 9
29 31 9
30 31 9
33 31 9
34 31 9
35 31 9
31 3 9
39 3 9
47 3 9
55 3 9
59 3 9
60 3 9
61 3 9
62 3 9
14 31 10
17 31 10
18 31 10
19 31 10
20 31 10
21 31 10
22 31 10
25 31 10
26 31 10
27 31 10
28 31 10
29 31 10
30 31 10
33 31 10
34 31 10
35 31 10
31 3 10
39 3 10
47 3 10
55 3 10
59 3 10
60 3 10
61 3 10
62 3 10
14 31 11
17 31 11
18 31 11
19 31 11
20 31 11
21 31 11
22 31 11
25 31 11
26 31 11
27 31 11
28 31 11
29 31 11
30 31 11
33 31 11
34 31 11
35 31 11
31 3 11
39 3 11
47 3 11
55 3 11
59 3 11
60 3 11
61 3 11
62 3 11
14 39 12
17 39 12
18 39 12
19 39 12
20 39 12
21 39 12
22 39 12
25 39 12
26 39 12
27 39 12
28 39 12
29 39 12
30 39 12
33 39 12
34 39 12
35 39 12
31 3 12
39 3 12
47 3 12
55 3 12
59 3 12
60 3 12
61 3 12
62 3 12
14 39 13
17 39 13
18 39 13
19 39 13
20 39 13
21 39 13
22 39 13
25 39 13
26 39 13
27 39 13
28 39 13
29 39 13
30 39 13
33 39 13
34 39 13
35 39 13
31 3 13
39 3 13
47 3 13
55 3 13
59 3 13
60 3 13
61 3 13
62 3 13
14 39 14
17 39 14
18 39 14
19 39 14
20 39 14
21 39 14
22 39 14
25 39 14
26 39 14
27 39 14
28 39 14
29 39 14
30 39 14
33 39 14
34 39 14
35 39 14
31 3 14
39 3 14
47 3 14
55 3 14
59 3 14
60 3 14
61 3 14
62 3 14
14 47 15
17 47 15
18 47 15
19 47 15
20 47 15
21 47 15
22 47 15
25 47 15
26 47 15
27 47 15
28 47 15
29 47 15
30 47 15
33 47 15
34 47 15
35 47 15
31 3 15
39 3 15
47 3 15
55 3 15
59 3 15
60 3 15
61 3 15
62 3 15
14 47 16
17 47 16
18 47 16
19 47 16
20 47 16
21 47 16
22 47 16
25 47 16
26 47 16
27 47 16
28 47 16
29 47 16
30 47 16
33 47 16
34 47 16
35 47 16
31 3 16
39 3 16
47 3 16
55 3 16
59 3 16
60 3 16
61 3 16
62 3 16
14 47 17
17 47 17
18 47 17
19 47 17
20 47 17
21 47 17
22 47 17
25 47 17
26 47 17
27 47 17
28 47 17
29 47 17
30 47 17
33 47 17
34 47 17
35 47 17
31 3 17
39 3 17
47 3 17
55 3 17
59 3 17
60 3 17
61 3 17
62 3 17
14 55 18
17 55 18
18 55 18
19 55 18
20 55 18
21 55 18
22 55 18
25 55 18
26 55 18
27 55 18
28 55 18
29 55 18
30 55 18
33 55 18
34 55 18
35 55 18
31 3 18
39 3 18
47 3 18
55 3 18
59 3 18
60 3 18
61 3 18
62 3 18
14 55 19
17 55 19
18 55 19
19 55 19
20 55 19
21 55 19
22 55 19
25 55 19
26 55 19
27 55 19
28 55 19
29 55 19
30 55 19
33 55 19
34 55 19
35 55 19
31 3 19
39 3 19
47 3 19
55 3 19
59 3 19
60 3 19
61 3 19
62 3 19
14 55 20
17 55 20
18 55 20
19 55 20
20 55 20
21 55 20
22 55 20
25 55 20
26 55 20
27 55 20
28 55 20
29 55 20
30 55 20
33 55 20
34 55 20
35 55 20
31 3 20
39 3 20
47 3 20
55 3 20
59 3 20
60 3 20
61 3 20
62 3 20
14 59 21
17 59 21
18 59 21
19 59 21
20 59 21
21 59 21
22 59 21
25 59 21
26 59 21
27 59 21
28 59 21
29 59 21
30 59 21
33 59 21
34 59 21
35 59 21
31 3 21
39 3 21
47 3 21
55 3 21
59 3 21
60 3 21
61 3 21
62 3 21
14 59 22
17 59 22
18 59 22
19 59 22
20 59 22
21 59 22
22 59 22
25 59 22
26 59 22
27 59 22
28 59 22
29 59 22
30 59 22
33 59 22
34 59 22
35 59 22
31 3 22
39 3 22
47 3 22
55 3 22
59 3 22
60 3 22
61 3 22
62 3 22
14 59 23
17 59 23
18 59 23
19 59 23
20 59 23
21 59 23
22 59 23
25 59 23
26 59 23
27 59 23
28 59 23
29 59 23
30 59 23
33 59 23
34 59 23
35 59 23
31 3 23
39 3 23
47 3 23
55 3 23
59 3 23
60 3 23
61 3 23
62 3 23
14 60 24
17 60 24
18 60 24
19 60 24
20 60 24
21 60 24
22 60 24
25 60 24
26 60 24
27 60 24
28 60 24
29 60 24
30 60 24
33 60 24
34 60 24
35 60 24
31 3 24
39 3 24
47 3 24
55 3 24
59 3 24
60 3 24
61 3 24
62 3 24
14 60 25
17 60 25
18 60 25
19 60 25
20 60 25
21 60 25
22 60 25
25 60 25
26 60 25
27 60 25
28 60 25
29 60 25
30 60 25
33 60 25
34 60 25
35 60 25
31 3 25
39 3 25
47 3 25
55 3 25
59 3 25
60 3 25
61 3 25
62 3 25
14 60 26
17 60 26
18 60 26
19 60 26
20 60 26
21 60 26
22 60 26
25 60 26
26 60 26
27 60 26
28 60 26
29 60 26
30 60 26
33 60 26
34 60 26
35 60 26
31 3 26
39 3 26
47 3 26
55 3 26
59 3 26
60 3 26
61 3 26
62 3 26
14 61 27
17 61 27
18 61 27
19 61 27
20 61 27
21 61 27
22 61 27
25 61 27
26 61 27
27 61 27
28 61 27
29 61 27
30 61 27
33 61 27
34 61 27
35 61 27
31 3 27
39 3 27
47 3 27
55 3 27
59 3 27
60 3 27
61 3 27
62 3 27
14 61 28
17 61 28
18 61 28
19 61 28
20 61 28
21 61 28
22 61 28
25 61 28
26 61 28
27 61 28
28 61 28
29 61 28
30 61 28
33 61 28
34 61 28
35 61 28
31 3 28
39 3 28
47 3 28
55 3 28
59 3 28
60 3 28
61 3 28
62 3 28
14 61 29
17 61 29
18 61 29
19 61 29
20 61 29
21 61 29
22 61 29
25 61 29
26 61 29
27 61 29
28 61 29
29 61 29
30 61 29
33 61 29
34 61 29
35 61 29
31 3 29
39 3 29
47 3 29
55 3 29
59 3 29
60 3 29
61 3 29
62 3 29
14 62 30
17 62 30
18 62 30
19 62 30
20 62 30
21 62 30
22 62 30
25 62 30
26 62 30
27 62 30
28 62 30
29 62 30
30 62 30
33 62 30
34 62 30
35 62 30
31 3 30
39 3 30
47 3 30
55 3 30
59 3 30
60 3 30
61 3 30
62 3 30
14 62 31
17 62 31
18 62 31
19 62 31
20 62 31
21 62 31
22 62 31
25 62 31
26 62 31
27 62 31
28 62 31
29 62 31
30 62 31
33 62 31
34 62 31
35 62 31
31 3 31
39 3 31
47 3 31
55 3 31
59 3 31
60 3 31
61 3 31
62 3 31
14 62 32
17 62 32
18 62 32
19 62 32
20 62 32
21 62 32
22 62 32
25 62 32
26 62 32
27 62 32
28 62 32
29 62 32
30 62 32
33 62 32
34 62 32
35 62 32
31 3 32
39 3 32
47 3 32
55 3 32
59 3 32
60 3 32
61 3 32
62 3 32
31 3 33
39 3 33
47 3 33
55 3 33
59 3 33
60 3 33
61 3 33
62 3 33
31 3 34
39 3 34
47 3 34
55 3 34
59 3 34
60 3 34
61 3 34
62 3 34
31 3 35
39 3 35
47 3 35
55 3 35
59 3 35
60 3 35
61 3 35
62 3 35
31 3 36
39 3 36
47 3 36
55 3 36
59 3 36
60 3 36
61 3 36
62 3 36
31 3 37
39 3 37
47 3 37
55 3 37
59 3 37
60 3 37
61 3 37
62 3 37
31 3 38
39 3 38
47 3 38
55 3 38
59 3 38
60 3 38
61 3 38
62 3 38
31 3 39
39 3 39
47 3 39
55 3 39
59 3 39
60 3 39
61 3 39
62 3 39
31 3 40
39 3 40
47 3 40
55 3 40
59 3 40
60 3 40
61 3 40
62 3 40
31 3 41
39 3 41
47 3 41
55 3 41
59 3 41
60 3 41
61 3 41
62 3 41
31 3 42
39 3 42
47 3 42
55 3 42
59 3 42
60 3 42
61 3 42
62 3 42
31 3 43
39 3 43
47 3 43
55 3 43
59 3 43
60 3 43
61 3 43
62 3 43
31 3 44
39 3 44
47 3 44
55 3 44
59 3 44
60 3 44
61 3 44
62 3 44
31 3 45
39 3 45
47 3 45
55 3 45
59 3 45
60 3 45
61 3 45
62 3 45
31 3 46
39 3 46
47 3 46
55 3 46
59 3 46
60 3 46
61 3 46
62 3 46
31 3 47
39 3 47
47 3 47
55 3 47
59 3 47
60 3 47
61 3 47
62 3 47
31 3 48
39 3 48
47 3 48
55 3 48
59 3 48
60 3 48
61 3 48
62 3 48
31 4 49
39 4 49
47 4 49
55 4 49
59 4 49
60 4 49
61 4 49
62 4 49
31 4 50
39 4 50
47 4 50
55 4 50
59 4 50
60 4 50
61 4 50
62 4 50
31 4 51
39 4 51
47 4 51
55 4 51
59 4 51
60 4 51
61 4 51
62 4 51
31 4 52
39 4 52
47 4 52
55 4 52
59 4 52
60 4 52
61 4 52
62 4 52
31 4 53
39 4 53
47 4 53
55 4 53
59 4 53
60 4 53
61 4 53
62 4 53
31 4 54
39 4 54
47 4 54
55 4 54
59 4 54
60 4 54
61 4 54
62 4 54
31 4 55
39 4 55
47 4 55
55 4 55
59 4 55
60 4 55
61 4 55
62 4 55
31 4 56
39 4 56
47 4 56
55 4 56
59 4 56
60 4 56
61 4 56
62 4 56
31 4 57
39 4 57
47 4 57
55 4 57
59 4 57
60 4 57
61 4 57
62 4 57
31 4 58
39 4 58
47 4 58
55 4 58
59 4 58
60 4 58
61 4 58
62 4 58
31 4 59
39 4 59
47 4 59
55 4 59
59 4 59
60 4 59
61 4 59
62 4 59
31 4 60
39 4 60
47 4 60
55 4 60
59 4 60
60 4 60
61 4 60
62 4 60
31 4 61
39 4 61
47 4 61
55 4 61
59 4 61
60 4 61
61 4 61
62 4 61
31 4 62
39 4 62
47 4 62
55 4 62
59 4 62
60 4 62
61 4 62
62 4 62
31 4 63
39 4 63
47 4 63
55 4 63
59 4 63
60 4 63
61 4 63
62 4 63
31 4 64
39 4 64
47 4 64
55 4 64
59 4 64
60 4 64
61 4 64
62 4 64
31 4 65
39 4 65
47 4 65
55 4 65
59 4 65
60 4 65
61 4 65
62 4 65
31 4 66
39 4 66
47 4 66
55 4 66
59 4 66
60 4 66
61 4 66
62 4 66
31 4 67
39 4 67
47 4 67
55 4 67
59 4 67
60 4 67
61 4 67
62 4 67
31 4 68
39 4 68
47 4 68
55 4 68
59 4 68
60 4 68
61 4 68
62 4 68
31 4 69
39 4 69
47 4 69
55 4 69
59 4 69
60 4 69
61 4 69
62 4 69
31 4 70
39 4 70
47 4 70
55 4 70
59 4 70
60 4 70
61 4 70
62 4 70
31 4 71
39 4 71
47 4 71
55 4 71
59 4 71
60 4 71
61 4 71
62 4 71
31 4 72
39 4 72
47 4 72
55 4 72
59 4 72
60 4 72
61 4 72
62 4 72
31 4 73
39 4 73
47 4 73
55 4 73
59 4 73
60 4 73
61 4 73
62 4 73
31 4 74
39 4 74
47 4 74
55 4 74
59 4 74
60 4 74
61 4 74
62 4 74
31 4 75
39 4 75
47 4 75
55 4 75
59 4 75
60 4 75
61 4 75
62 4 75
31 4 76
39 4 76
47 4 76
55 4 76
59 4 76
60 4 76
61 4 76
62 4 76
31 4 77
39 4 77
47 4 77
55 4 77
59 4 77
60 4 77
61 4 77
62 4 77
31 4 78
39 4 78
47 4 78
55 4 78
59 4 78
60 4 78
61 4 78
62 4 78
31 4 79
39 4 79
47 4 79
55 4 79
59 4 79
60 4 79
61 4 79
62 4 79
31 4 80
39 4 80
47 4 80
55 4 80
59 4 80
60 4 80
61 4 80
62 4 80
31 4 81
39 4 81
47 4 81
55 4 81
59 4 81
60 4 81
61 4 81
62 4 81
31 4 82
39 4 82
47 4 82
55 4 82
59 4 82
60 4 82
61 4 82
62 4 82
31 4 83
39 4 83
47 4 83
55 4 83
59 4 83
60 4 83
61 4 83
62 4 83
31 4 84
39 4 84
47 4 84
55 4 84
59 4 84
60 4 84
61 4 84
62 4 84
31 4 85
39 4 85
47 4 85
55 4 85
59 4 85
60 4 85
61 4 85
62 4 85
31 4 86
39 4 86
47 4 86
55 4 86
59 4 86
60 4 86
61 4 86
62 4 86
31 4 87
39 4 87
47 4 87
55 4 87
59 4 87
60 4 87
61 4 87
62 4 87
31 4 88
39 4 88
47 4 88
55 4 88
59 4 88
60 4 88
61 4 88
62 4 88
31 4 89
39 4 89
47 4 89
55 4 89
59 4 89
60 4 89
61 4 89
62 4 89
31 4 90
39 4 90
47 4 90
55 4 90
59 4 90
60 4 90
61 4 90
62 4 90
31 4 91
39 4 91
47 4 91
55 4 91
59 4 91
60 4 91
61 4 91
62 4 91
31 4 92
39 4 92
47 4 92
55 4 92
59 4 92
60 4 92
61 4 92
62 4 92
31 4 93
39 4 93
47 4 93
55 4 93
59 4 93
60 4 93
61 4 93
62 4 93
31 4 94
39 4 94
47 4 94
55 4 94
59 4 94
60 4 94
61 4 94
62 4 94
31 4 95
39 4 95
47 4 95
55 4 95
59 4 95
60 4 95
61 4 95
62 4 95
31 4 96
39 4 96
47 4 96
55 4 96
59 4 96
60 4 96
61 4 96
62 4 96
31 5 97
39 5 97
47 5 97
55 5 97
59 5 97
60 5 97
61 5 97
62 5 97
31 5 98
39 5 98
47 5 98
55 5 98
59 5 98
60 5 98
61 5 98
62 5 98
31 5 99
39 5 99
47 5 99
55 5 99
59 5 99
60 5 99
61 5 99
62 5 99
31 5 100
39 5 100
47 5 100
55 5 100
59 5 100
60 5 100
61 5 100
62 5 100
31 5 101
39 5 101
47 5 101
55 5 101
59 5 101
60 5 101
61 5 101
62 5 101
31 5 102
39 5 102
47 5 102
55 5 102
59 5 102
60 5 102
61 5 102
62 5 102
31 5 103
39 5 103
47 5 103
55 5 103
59 5 103
60 5 103
61 5 103
62 5 103
31 5 104
39 5 104
47 5 104
55 5 104
59 5 104
60 5 104
61 5 104
62 5 104
31 5 105
39 5 105
47 5 105
55 5 105
59 5 105
60 5 105
61 5 105
62 5 105
31 5 106
39 5 106
47 5 106
55 5 106
59 5 106
60 5 106
61 5 106
62 5 106
31 5 107
39 5 107
47 5 107
55 5 107
59 5 107
60 5 107
61 5 107
62 5 107
31 5 108
39 5 108
47 5 108
55 5 108
59 5 108
60 5 108
61 5 108
62 5 108
31 5 109
39 5 109
47 5 109
55 5 109
59 5 109
60 5 109
61 5 109
62 5 109
31 5 110
39 5 110
47 5 110
55 5 110
59 5 110
60 5 110
61 5 110
62 5 110
31 5 111
39 5 111
47 5 111
55 5 111
59 5 111
60 5 111
61 5 111
62 5 111
31 5 112
39 5 112
47 5 112
55 5 112
59 5 112
60 5 112
61 5 112
62 5 112
31 5 113
39 5 113
47 5 113
55 5 113
59 5 113
60 5 113
61 5 113
62 5 113
31 5 114
39 5 114
47 5 114
55 5 114
59 5 114
60 5 114
61 5 114
62 5 114
31 5 115
39 5 115
47 5 115
55 5 115
59 5 115
60 5 115
61 5 115
62 5 115
31 5 116
39 5 116
47 5 116
55 5 116
59 5 116
60 5 116
61 5 116
62 5 116
31 5 117
39 5 117
47 5 117
55 5 117
59 5 117
60 5 117
61 5 117
62 5 117
31 5 118
39 5 118
47 5 118
55 5 118
59 5 118
60 5 118
61 5 118
62 5 118
31 5 119
39 5 119
47 5 119
55 5 119
59 5 119
60 5 119
61 5 119
62 5 119
31 5 120
39 5 120
47 5 120
55 5 120
59 5 120
60 5 120
61 5 120
62 5 120
31 5 121
39 5 121
47 5 121
55 5 121
59 5 121
60 5 121
61 5 121
62 5 121
31 5 122
39 5 122
47 5 122
55 5 122
59 5 122
60 5 122
61 5 122
62 5 122
31 5 123
39 5 123
47 5 123
55 5 123
59 5 123
60 5 123
61 5 123
62 5 123
31 5 124
39 5 124
47 5 124
55 5 124
59 5 124
60 5 124
61 5 124
62 5 124
31 5 125
39 5 125
47 5 125
55 5 125
59 5 125
60 5 125
61 5 125
62 5 125
31 5 126
39 5 126
47 5 126
55 5 126
59 5 126
60 5 126
61 5 126
62 5 126
31 5 127
39 5 127
47 5 127
55 5 127
59 5 127
60 5 127
61 5 127
62 5 127
31 5 128
39 5 128
47 5 128
55 5 128
59 5 128
60 5 128
61 5 128
62 5 128
31 5 129
39 5 129
47 5 129
55 5 129
59 5 129
60 5 129
61 5 129
62 5 129
31 5 130
39 5 130
47 5 130
55 5 130
59 5 130
60 5 130
61 5 130
62 5 130
31 5 131
39 5 131
47 5 131
55 5 131
59 5 131
60 5 131
61 5 131
62 5 131
31 5 132
39 5 132
47 5 132
55 5 132
59 5 132
60 5 132
61 5 132
62 5 132
31 5 133
39 5 133
47 5 133
55 5 133
59 5 133
60 5 133
61 5 133
62 5 133
31 5 134
39 5 134
47 5 134
55 5 134
59 5 134
60 5 134
61 5 134
62 5 134
31 5 135
39 5 135
47 5 135
55 5 135
59 5 135
60 5 135
61 5 135
62 5 135
31 5 136
39 5 136
47 5 136
55 5 136
59 5 136
60 5 136
61 5 136
62 5 136
31 5 137
39 5 137
47 5 137
55 5 137
59 5 137
60 5 137
61 5 137
62 5 137
31 5 138
39 5 138
47 5 138
55 5 138
59 5 138
60 5 138
61 5 138
62 5 138
31 5 139
39 5 139
47 5 139
55 5 139
59 5 139
60 5 139
61 5 139
62 5 139
31 5 140
39 5 140
47 5 140
55 5 140
59 5 140
60 5 140
61 5 140
62 5 140
31 5 141
39 5 141
47 5 141
55 5 141
59 5 141
60 5 141
61 5 141
62 5 141
31 5 142
39 5 142
47 5 142
55 5 142
59 5 142
60 5 142
61 5 142
62 5 142
31 5 143
39 5 143
47 5 143
55 5 143
59 5 143
60 5 143
61 5 143
62 5 143
31 5 144
39 5 144
47 5 144
55 5 144
59 5 144
60 5 144
61 5 144
62 5 144
31 6 145
39 6 145
47 6 145
55 6 145
59 6 145
60 6 145
61 6 145
62 6 145
31 6 146
39 6 146
47 6 146
55 6 146
59 6 146
60 6 146
61 6 146
62 6 146
31 6 147
39 6 147
47 6 147
55 6 147
59 6 147
60 6 147
61 6 147
62 6 147
31 6 148
39 6 148
47 6 148
55 6 148
59 6 148
60 6 148
61 6 148
62 6 148
31 6 149
39 6 149
47 6 149
55 6 149
59 6 149
60 6 149
61 6 149
62 6 149
31 6 150
39 6 150
47 6 150
55 6 150
59 6 150
60 6 150
61 6 150
62 6 150
31 6 151
39 6 151
47 6 151
55 6 151
59 6 151
60 6 151
61 6 151
62 6 151
31 6 152
39 6 152
47 6 152
55 6 152
59 6 152
60 6 152
61 6 152
62 6 152
31 6 153
39 6 153
47 6 153
55 6 153
59 6 153
60 6 153
61 6 153
62 6 153
31 6 154
39 6 154
47 6 154
55 6 154
59 6 154
60 6 154
61 6 154
62 6 154
31 6 155
39 6 155
47 6 155
55 6 155
59 6 155
60 6 155
61 6 155
62 6 155
31 6 156
39 6 156
47 6 156
55 6 156
59 6 156
60 6 156
61 6 156
62 6 156
31 6 157
39 6 157
47 6 157
55 6 157
59 6 157
60 6 157
61 6 157
62 6 157
31 6 158
39 6 158
47 6 158
55 6 158
59 6 158
60 6 158
61 6 158
62 6 158
31 6 159
39 6 159
47 6 159
55 6 159
59 6 159
60 6 159
61 6 159
62 6 159
31 6 160
39 6 160
47 6 160
55 6 160
59 6 160
60 6 160
61 6 160
62 6 160
31 6 161
39 6 161
47 6 161
55 6 161
59 6 161
60 6 161
61 6 161
62 6 161
31 6 162
39 6 162
47 6 162
55 6 162
59 6 162
60 6 162
61 6 162
62 6 162
31 6 163
39 6 163
47 6 163
55 6 163
59 6 163
60 6 163
61 6 163
62 6 163
31 6 164
39 6 164
47 6 164
55 6 164
59 6 164
60 6 164
61 6 164
62 6 164
31 6 165
39 6 165
47 6 165
55 6 165
59 6 165
60 6 165
61 6 165
62 6 165
31 6 166
39 6 166
47 6 166
55 6 166
59 6 166
60 6 166
61 6 166
62 6 166
31 6 167
39 6 167
47 6 167
55 6 167
59 6 167
60 6 167
61 6 167
62 6 167
31 6 168
39 6 168
47 6 168
55 6 168
59 6 168
60 6 168
61 6 168
62 6 168
31 6 169
39 6 169
47 6 169
55 6 169
59 6 169
60 6 169
61 6 169
62 6 169
31 6 170
39 6 170
47 6 170
55 6 170
59 6 170
60 6 170
61 6 170
62 6 170
31 6 171
39 6 171
47 6 171
55 6 171
59 6 171
60 6 171
61 6 171
62 6 171
31 6 172
39 6 172
47 6 172
55 6 172
59 6 172
60 6 172
61 6 172
62 6 172
31 6 173
39 6 173
47 6 173
55 6 173
59 6 173
60 6 173
61 6 173
62 6 173
31 6 174
39 6 174
47 6 174
55 6 174
59 6 174
60 6 174
61 6 174
62 6 174
31 6 175
39 6 175
47 6 175
55 6 175
59 6 175
60 6 175
61 6 175
62 6 175
31 6 176
39 6 176
47 6 176
55 6 176
59 6 176
60 6 176
61 6 176
62 6 176
31 6 177
39 6 177
47 6 177
55 6 177
59 6 177
60 6 177
61 6 177
62 6 177
31 6 178
39 6 178
47 6 178
55 6 178
59 6 178
60 6 178
61 6 178
62 6 178
31 6 179
39 6 179
47 6 179
55 6 179
59 6 179
60 6 179
61 6 179
62 6 179
31 6 180
39 6 180
47 6 180
55 6 180
59 6 180
60 6 180
61 6 180
62 6 180
31 6 181
39 6 181
47 6 181
55 6 181
59 6 181
60 6 181
61 6 181
62 6 181
31 6 182
39 6 182
47 6 182
55 6 182
59 6 182
60 6 182
61 6 182
62 6 182
31 6 183
39 6 183
47 6 183
55 6 183
59 6 183
60 6 183
61 6 183
62 6 183
31 6 184
39 6 184
47 6 184
55 6 184
59 6 184
60 6 184
61 6 184
62 6 184
31 6 185
39 6 185
47 6 185
55 6 185
59 6 185
60 6 185
61 6 185
62 6 185
31 6 186
39 6 186
47 6 186
55 6 186
59 6 186
60 6 186
61 6 186
62 6 186
31 6 187
39 6 187
47 6 187
55 6 187
59 6 187
60 6 187
61 6 187
62 6 187
31 6 188
39 6 188
47 6 188
55 6 188
59 6 188
60 6 188
61 6 188
62 6 188
31 6 189
39 6 189
47 6 189
55 6 189
59 6 189
60 6 189
61 6 189
62 6 189
31 6 190
39 6 190
47 6 190
55 6 190
59 6 190
60 6 190
61 6 190
62 6 190
31 6 191
39 6 191
47 6 191
55 6 191
59 6 191
60 6 191
61 6 191
62 6 191
31 6 192
39 6 192
47 6 192
55 6 192
59 6 192
60 6 192
61 6 192
62 6 192
31 24 193
39 24 193
47 24 193
55 24 193
59 24 193
60 24 193
61 24 193
62 24 193
31 24 194
39 24 194
47 24 194
55 24 194
59 24 194
60 24 194
61 24 194
62 24 194
31 24 195
39 24 195
47 24 195
55 24 195
59 24 195
60 24 195
61 24 195
62 24 195
31 24 196
39 24 196
47 24 196
55 24 196
59 24 196
60 24 196
61 24 196
62 24 196
31 24 197
39 24 197
47 24 197
55 24 197
59 24 197
60 24 197
61 24 197
62 24 197
31 24 198
39 24 198
47 24 198
55 24 198
59 24 198
60 24 198
61 24 198
62 24 198
31 24 199
39 24 199
47 24 199
55 24 199
59 24 199
60 24 199
61 24 199
62 24 199
31 24 200
39 24 200
47 24 200
55 24 200
59 24 200
60 24 200
61 24 200
62 24 200
31 24 201
39 24 201
47 24 201
55 24 201
59 24 201
60 24 201
61 24 201
62 24 201
31 24 202
39 24 202
47 24 202
55 24 202
59 24 202
60 24 202
61 24 202
62 24 202
31 24 203
39 24 203
47 24 203
55 24 203
59 24 203
60 24 203
61 24 203
62 24 203
31 24 204
39 24 204
47 24 204
55 24 204
59 24 204
60 24 204
61 24 204
62 24 204
31 24 205
39 24 205
47 24 205
55 24 205
59 24 205
60 24 205
61 24 205
62 24 205
31 24 206
39 24 206
47 24 206
55 24 206
59 24 206
60 24 206
61 24 206
62 24 206
31 24 207
39 24 207
47 24 207
55 24 207
59 24 207
60 24 207
61 24 207
62 24 207
31 24 208
39 24 208
47 24 208
55 24 208
59 24 208
60 24 208
61 24 208
62 24 208
31 24 209
39 24 209
47 24 209
55 24 209
59 24 209
60 24 209
61 24 209
62 24 209
31 24 210
39 24 210
47 24 210
55 24 210
59 24 210
60 24 210
61 24 210
62 24 210
31 24 211
39 24 211
47 24 211
55 24 211
59 24 211
60 24 211
61 24 211
62 24 211
31 24 212
39 24 212
47 24 212
55 24 212
59 24 212
60 24 212
61 24 212
62 24 212
31 24 213
39 24 213
47 24 213
55 24 213
59 24 213
60 24 213
61 24 213
62 24 213
31 24 214
39 24 214
47 24 214
55 24 214
59 24 214
60 24 214
61 24 214
62 24 214
31 24 215
39 24 215
47 24 215
55 24 215
59 24 215
60 24 215
61 24 215
62 24 215
31 24 216
39 24 216
47 24 216
55 24 216
59 24 216
60 24 216
61 24 216
62 24 216
31 24 217
39 24 217
47 24 217
55 24 217
59 24 217
60 24 217
61 24 217
62 24 217
31 24 218
39 24 218
47 24 218
55 24 218
59 24 218
60 24 218
61 24 218
62 24 218
31 24 219
39 24 219
47 24 219
55 24 219
59 24 219
60 24 219
61 24 219
62 24 219
31 24 220
39 24 220
47 24 220
55 24 220
59 24 220
60 24 220
61 24 220
62 24 220
31 24 221
39 24 221
47 24 221
55 24 221
59 24 221
60 24 221
61 24 221
62 24 221
31 24 222
39 24 222
47 24 222
55 24 222
59 24 222
60 24 222
61 24 222
62 24 222
31 24 223
39 24 223
47 24 223
55 24 223
59 24 223
60 24 223
61 24 223
62 24 223
31 24 224
39 24 224
47 24 224
55 24 224
59 24 224
60 24 224
61 24 224
62 24 224
31 24 225
39 24 225
47 24 225
55 24 225
59 24 225
60 24 225
61 24 225
62 24 225
31 24 226
39 24 226
47 24 226
55 24 226
59 24 226
60 24 226
61 24 226
62 24 226
31 24 227
39 24 227
47 24 227
55 24 227
59 24 227
60 24 227
61 24 227
62 24 227
31 24 228
39 24 228
47 24 228
55 24 228
59 24 228
60 24 228
61 24 228
62 24 228
31 24 229
39 24 229
47 24 229
55 24 229
59 24 229
60 24 229
61 24 229
62 24 229
31 24 230
39 24 230
47 24 230
55 24 230
59 24 230
60 24 230
61 24 230
62 24 230
31 24 231
39 24 231
47 24 231
55 24 231
59 24 231
60 24 231
61 24 231
62 24 231
31 24 232
39 24 232
47 24 232
55 24 232
59 24 232
60 24 232
61 24 232
62 24 232
31 24 233
39 24 233
47 24 233
55 24 233
59 24 233
60 24 233
61 24 233
62 24 233
31 24 234
39 24 234
47 24 234
55 24 234
59 24 234
60 24 234
61 24 234
62 24 234
31 24 235
39 24 235
47 24 235
55 24 235
59 24 235
60 24 235
61 24 235
62 24 235
31 24 236
39 24 236
47 24 236
55 24 236
59 24 236
60 24 236
61 24 236
62 24 236
31 24 237
39 24 237
47 24 237
55 24 237
59 24 237
60 24 237
61 24 237
62 24 237
31 24 238
39 24 238
47 24 238
55 24 238
59 24 238
60 24 238
61 24 238
62 24 238
31 24 239
39 24 239
47 24 239
55 24 239
59 24 239
60 24 239
61 24 239
62 24 239
31 24 240
39 24 240
47 24 240
55 24 240
59 24 240
60 24 240
61 24 240
62 24 240
31 32 241
39 32 241
47 32 241
55 32 241
59 32 241
60 32 241
61 32 241
62 32 241
31 32 242
39 32 242
47 32 242
55 32 242
59 32 242
60 32 242
61 32 242
62 32 242
31 32 243
39 32 243
47 32 243
55 32 243
59 32 243
60 32 243
61 32 243
62 32 243
31 32 244
39 32 244
47 32 244
55 32 244
59 32 244
60 32 244
61 32 244
62 32 244
31 32 245
39 32 245
47 32 245
55 32 245
59 32 245
60 32 245
61 32 245
62 32 245
31 32 246
39 32 246
47 32 246
55 32 246
59 32 246
60 32 246
61 32 246
62 32 246
31 32 247
39 32 247
47 32 247
55 32 247
59 32 247
60 32 247
61 32 247
62 32 247
31 32 248
39 32 248
47 32 248
55 32 248
59 32 248
60 32 248
61 32 248
62 32 248
31 32 249
39 32 249
47 32 249
55 32 249
59 32 249
60 32 249
61 32 249
62 32 249
31 32 250
39 32 250
47 32 250
55 32 250
59 32 250
60 32 250
61 32 250
62 32 250
31 32 251
39 32 251
47 32 251
55 32 251
59 32 251
60 32 251
61 32 251
62 32 251
31 32 252
39 32 252
47 32 252
55 32 252
59 32 252
60 32 252
61 32 252
62 32 252
31 32 253
39 32 253
47 32 253
55 32 253
59 32 253
60 32 253
61 32 253
62 32 253
31 32 254
39 32 254
47 32 254
55 32 254
59 32 254
60 32 254
61 32 254
62 32 254
31 32 255
39 32 255
47 32 255
55 32 255
59 32 255
60 32 255
61 32 255
62 32 255
31 32 256
39 32 256
47 32 256
55 32 256
59 32 256
60 32 256
61 32 256
62 32 256
31 32 257
39 32 257
47 32 257
55 32 257
59 32 257
60 32 257
61 32 257
62 32 257
31 32 258
39 32 258
47 32 258
55 32 258
59 32 258
60 32 258
61 32 258
62 32 258
31 32 259
39 32 259
47 32 259
55 32 259
59 32 259
60 32 259
61 32 259
62 32 259
31 32 260
39 32 260
47 32 260
55 32 260
59 32 260
60 32 260
61 32 260
62 32 260
31 32 261
39 32 261
47 32 261
55 32 261
59 32 261
60 32 261
61 32 261
62 32 261
31 32 262
39 32 262
47 32 262
55 32 262
59 32 262
60 32 262
61 32 262
62 32 262
31 32 263
39 32 263
47 32 263
55 32 263
59 32 263
60 32 263
61 32 263
62 32 263
31 32 264
39 32 264
47 32 264
55 32 264
59 32 264
60 32 264
61 32 264
62 32 264
31 32 265
39 32 265
47 32 265
55 32 265
59 32 265
60 32 265
61 32 265
62 32 265
31 32 266
39 32 266
47 32 266
55 32 266
59 32 266
60 32 266
61 32 266
62 32 266
31 32 267
39 32 267
47 32 267
55 32 267
59 32 267
60 32 267
61 32 267
62 32 267
31 32 268
39 32 268
47 32 268
55 32 268
59 32 268
60 32 268
61 32 268
62 32 268
31 32 269
39 32 269
47 32 269
55 32 269
59 32 269
60 32 269
61 32 269
62 32 269
31 32 270
39 32 270
47 32 270
55 32 270
59 32 270
60 32 270
61 32 270
62 32 270
31 32 271
39 32 271
47 32 271
55 32 271
59 32 271
60 32 271
61 32 271
62 32 271
31 32 272
39 32 272
47 32 272
55 32 272
59 32 272
60 32 272
61 32 272
62 32 272
31 32 273
39 32 273
47 32 273
55 32 273
59 32 273
60 32 273
61 32 273
62 32 273
31 32 274
39 32 274
47 32 274
55 32 274
59 32 274
60 32 274
61 32 274
62 32 274
31 32 275
39 32 275
47 32 275
55 32 275
59 32 275
60 32 275
61 32 275
62 32 275
31 32 276
39 32 276
47 32 276
55 32 276
59 32 276
60 32 276
61 32 276
62 32 276
31 32 277
39 32 277
47 32 277
55 32 277
59 32 277
60 32 277
61 32 277
62 32 277
31 32 278
39 32 278
47 32 278
55 32 278
59 32 278
60 32 278
61 32 278
62 32 278
31 32 279
39 32 279
47 32 279
55 32 279
59 32 279
60 32 279
61 32 279
62 32 279
31 32 280
39 32 280
47 32 280
55 32 280
59 32 280
60 32 280
61 32 280
62 32 280
31 32 281
39 32 281
47 32 281
55 32 281
59 32 281
60 32 281
61 32 281
62 32 281
31 32 282
39 32 282
47 32 282
55 32 282
59 32 282
60 32 282
61 32 282
62 32 282
31 32 283
39 32 283
47 32 283
55 32 283
59 32 283
60 32 283
61 32 283
62 32 283
31 32 284
39 32 284
47 32 284
55 32 284
59 32 284
60 32 284
61 32 284
62 32 284
31 32 285
39 32 285
47 32 285
55 32 285
59 32 285
60 32 285
61 32 285
62 32 285
31 32 286
39 32 286
47 32 286
55 32 286
59 32 286
60 32 286
61 32 286
62 32 286
31 32 287
39 32 287
47 32 287
55 32 287
59 32 287
60 32 287
61 32 287
62 32 287
31 32 288
39 32 288
47 32 288
55 32 288
59 32 288
60 32 288
61 32 288
62 32 288
31 40 289
39 40 289
47 40 289
55 40 289
59 40 289
60 40 289
61 40 289
62 40 289
31 40 290
39 40 290
47 40 290
55 40 290
59 40 290
60 40 290
61 40 290
62 40 290
31 40 291
39 40 291
47 40 291
55 40 291
59 40 291
60 40 291
61 40 291
62 40 291
31 40 292
39 40 292
47 40 292
55 40 292
59 40 292
60 40 292
61 40 292
62 40 292
31 40 293
39 40 293
47 40 293
55 40 293
59 40 293
60 40 293
61 40 293
62 40 293
31 40 294
39 40 294
47 40 294
55 40 294
59 40 294
60 40 294
61 40 294
62 40 294
31 40 295
39 40 295
47 40 295
55 40 295
59 40 295
60 40 295
61 40 295
62 40 295
31 40 296
39 40 296
47 40 296
55 40 296
59 40 296
60 40 296
61 40 296
62 40 296
31 40 297
39 40 297
47 40 297
55 40 297
59 40 297
60 40 297
61 40 297
62 40 297
31 40 298
39 40 298
47 40 298
55 40 298
59 40 298
60 40 298
61 40 298
62 40 298
31 40 299
39 40 299
47 40 299
55 40 299
59 40 299
60 40 299
61 40 299
62 40 299
31 40 300
39 40 300
47 40 300
55 40 300
59 40 300
60 40 300
61 40 300
62 40 300
31 40 301
39 40 301
47 40 301
55 40 301
59 40 301
60 40 301
61 40 301
62 40 301
31 40 302
39 40 302
47 40 302
55 40 302
59 40 302
60 40 302
61 40 302
62 40 302
31 40 303
39 40 303
47 40 303
55 40 303
59 40 303
60 40 303
61 40 303
62 40 303
31 40 304
39 40 304
47 40 304
55 40 304
59 40 304
60 40 304
61 40 304
62 40 304
31 40 305
39 40 305
47 40 305
55 40 305
59 40 305
60 40 305
61 40 305
62 40 305
31 40 306
39 40 306
47 40 306
55 40 306
59 40 306
60 40 306
61 40 306
62 40 306
31 40 307
39 40 307
47 40 307
55 40 307
59 40 307
60 40 307
61 40 307
62 40 307
31 40 308
39 40 308
47 40 308
55 40 308
59 40 308
60 40 308
61 40 308
62 40 308
31 40 309
39 40 309
47 40 309
55 40 309
59 40 309
60 40 309
61 40 309
62 40 309
31 40 310
39 40 310
47 40 310
55 40 310
59 40 310
60 40 310
61 40 310
62 40 310
31 40 311
39 40 311
47 40 311
55 40 311
59 40 311
60 40 311
61 40 311
62 40 311
31 40 312
39 40 312
47 40 312
55 40 312
59 40 312
60 40 312
61 40 312
62 40 312
31 40 313
39 40 313
47 40 313
55 40 313
59 40 313
60 40 313
61 40 313
62 40 313
31 40 314
39 40 314
47 40 314
55 40 314
59 40 314
60 40 314
61 40 314
62 40 314
31 40 315
39 40 315
47 40 315
55 40 315
59 40 315
60 40 315
61 40 315
62 40 315
31 40 316
39 40 316
47 40 316
55 40 316
59 40 316
60 40 316
61 40 316
62 40 316
31 40 317
39 40 317
47 40 317
55 40 317
59 40 317
60 40 317
61 40 317
62 40 317
31 40 318
39 40 318
47 40 318
55 40 318
59 40 318
60 40 318
61 40 318
62 40 318
31 40 319
39 40 319
47 40 319
55 40 319
59 40 319
60 40 319
61 40 319
62 40 319
31 40 320
39 40 320
47 40 320
55 40 320
59 40 320
60 40 320
61 40 320
62 40 320
31 40 321
39 40 321
47 40 321
55 40 321
59 40 321
60 40 321
61 40 321
62 40 321
31 40 322
39 40 322
47 40 322
55 40 322
59 40 322
60 40 322
61 40 322
62 40 322
31 40 323
39 40 323
47 40 323
55 40 323
59 40 323
60 40 323
61 40 323
62 40 323
31 40 324
39 40 324
47 40 324
55 40 324
59 40 324
60 40 324
61 40 324
62 40 324
31 40 325
39 40 325
47 40 325
55 40 325
59 40 325
60 40 325
61 40 325
62 40 325
31 40 326
39 40 326
47 40 326
55 40 326
59 40 326
60 40 326
61 40 326
62 40 326
31 40 327
39 40 327
47 40 327
55 40 327
59 40 327
60 40 327
61 40 327
62 40 327
31 40 328
39 40 328
47 40 328
55 40 328
59 40 328
60 40 328
61 40 328
62 40 328
31 40 329
39 40 329
47 40 329
55 40 329
59 40 329
60 40 329
61 40 329
62 40 329
31 40 330
39 40 330
47 40 330
55 40 330
59 40 330
60 40 330
61 40 330
62 40 330
31 40 331
39 40 331
47 40 331
55 40 331
59 40 331
60 40 331
61 40 331
62 40 331
31 40 332
39 40 332
47 40 332
55 40 332
59 40 332
60 40 332
61 40 332
62 40 332
31 40 333
39 40 333
47 40 333
55 40 333
59 40 333
60 40 333
61 40 333
62 40 333
31 40 334
39 40 334
47 40 334
55 40 334
59 40 334
60 40 334
61 40 334
62 40 334
31 40 335
39 40 335
47 40 335
55 40 335
59 40 335
60 40 335
61 40 335
62 40 335
31 40 336
39 40 336
47 40 336
55 40 336
59 40 336
60 40 336
61 40 336
62 40 336
31 48 337
39 48 337
47 48 337
55 48 337
59 48 337
60 48 337
61 48 337
62 48 337
31 48 338
39 48 338
47 48 338
55 48 338
59 48 338
60 48 338
61 48 338
62 48 338
31 48 339
39 48 339
47 48 339
55 48 339
59 48 339
60 48 339
61 48 339
62 48 339
31 48 340
39 48 340
47 48 340
55 48 340
59 48 340
60 48 340
61 48 340
62 48 340
31 48 341
39 48 341
47 48 341
55 48 341
59 48 341
60 48 341
61 48 341
62 48 341
31 48 342
39 48 342
47 48 342
55 48 342
59 48 342
60 48 342
61 48 342
62 48 342
31 48 343
39 48 343
47 48 343
55 48 343
59 48 343
60 48 343
61 48 343
62 48 343
31 48 344
39 48 344
47 48 344
55 48 344
59 48 344
60 48 344
61 48 344
62 48 344
31 48 345
39 48 345
47 48 345
55 48 345
59 48 345
60 48 345
61 48 345
62 48 345
31 48 346
39 48 346
47 48 346
55 48 346
59 48 346
60 48 346
61 48 346
62 48 346
31 48 347
39 48 347
47 48 347
55 48 347
59 48 347
60 48 347
61 48 347
62 48 347
31 48 348
39 48 348
47 48 348
55 48 348
59 48 348
60 48 348
61 48 348
62 48 348
31 48 349
39 48 349
47 48 349
55 48 349
59 48 349
60 48 349
61 48 349
62 48 349
31 48 350
39 48 350
47 48 350
55 48 350
59 48 350
60 48 350
61 48 350
62 48 350
31 48 351
39 48 351
47 48 351
55 48 351
59 48 351
60 48 351
61 48 351
62 48 351
31 48 352
39 48 352
47 48 352
55 48 352
59 48 352
60 48 352
61 48 352
62 48 352
31 48 353
39 48 353
47 48 353
55 48 353
59 48 353
60 48 353
61 48 353
62 48 353
31 48 354
39 48 354
47 48 354
55 48 354
59 48 354
60 48 354
61 48 354
62 48 354
31 48 355
39 48 355
47 48 355
55 48 355
59 48 355
60 48 355
61 48 355
62 48 355
31 48 356
39 48 356
47 48 356
55 48 356
59 48 356
60 48 356
61 48 356
62 48 356
31 48 357
39 48 357
47 48 357
55 48 357
59 48 357
60 48 357
61 48 357
62 48 357
31 48 358
39 48 358
47 48 358
55 48 358
59 48 358
60 48 358
61 48 358
62 48 358
31 48 359
39 48 359
47 48 359
55 48 359
59 48 359
60 48 359
61 48 359
62 48 359
31 48 360
39 48 360
47 48 360
55 48 360
59 48 360
60 48 360
61 48 360
62 48 360
31 48 361
39 48 361
47 48 361
55 48 361
59 48 361
60 48 361
61 48 361
62 48 361
31 48 362
39 48 362
47 48 362
55 48 362
59 48 362
60 48 362
61 48 362
62 48 362
31 48 363
39 48 363
47 48 363
55 48 363
59 48 363
60 48 363
61 48 363
62 48 363
31 48 364
39 48 364
47 48 364
55 48 364
59 48 364
60 48 364
61 48 364
62 48 364
31 48 365
39 48 365
47 48 365
55 48 365
59 48 365
60 48 365
61 48 365
62 48 365
31 48 366
39 48 366
47 48 366
55 48 366
59 48 366
60 48 366
61 48 366
62 48 366
31 48 367
39 48 367
47 48 367
55 48 367
59 48 367
60 48 367
61 48 367
62 48 367
31 48 368
39 48 368
47 48 368
55 48 368
59 48 368
60 48 368
61 48 368
62 48 368
31 48 369
39 48 369
47 48 369
55 48 369
59 48 369
60 48 369
61 48 369
62 48 369
31 48 370
39 48 370
47 48 370
55 48 370
59 48 370
60 48 370
61 48 370
62 48 370
31 48 371
39 48 371
47 48 371
55 48 371
59 48 371
60 48 371
61 48 371
62 48 371
31 48 372
39 48 372
47 48 372
55 48 372
59 48 372
60 48 372
61 48 372
62 48 372
31 48 373
39 48 373
47 48 373
55 48 373
59 48 373
60 48 373
61 48 373
62 48 373
31 48 374
39 48 374
47 48 374
55 48 374
59 48 374
60 48 374
61 48 374
62 48 374
31 48 375
39 48 375
47 48 375
55 48 375
59 48 375
60 48 375
61 48 375
62 48 375
31 48 376
39 48 376
47 48 376
55 48 376
59 48 376
60 48 376
61 48 376
62 48 376
31 48 377
39 48 377
47 48 377
55 48 377
59 48 377
60 48 377
61 48 377
62 48 377
31 48 378
39 48 378
47 48 378
55 48 378
59 48 378
60 48 378
61 48 378
62 48 378
31 48 379
39 48 379
47 48 379
55 48 379
59 48 379
60 48 379
61 48 379
62 48 379
31 48 380
39 48 380
47 48 380
55 48 380
59 48 380
60 48 380
61 48 380
62 48 380
31 48 381
39 48 381
47 48 381
55 48 381
59 48 381
60 48 381
61 48 381
62 48 381
31 48 382
39 48 382
47 48 382
55 48 382
59 48 382
60 48 382
61 48 382
62 48 382
31 48 383
39 48 383
47 48 383
55 48 383
59 48 383
60 48 383
61 48 383
62 48 383
31 48 384
39 48 384
47 48 384
55 48 384
59 48 384
60 48 384
61 48 384
62 48 384
