9 2 1
10 2 1
11 2 1
12 2 1
13 2 1
14 2 1
17 2 1
18 2 1
19 2 1
20 2 1
21 2 1
22 2 1
25 2 1
26 2 1
27 2 1
28 2 1
23 2 1
31 2 1
39 2 1
47 2 1
58 2 1
59 2 1
60 2 1
61 2 1
9 3 2
10 3 2
11 3 2
12 3 2
13 3 2
14 3 2
17 3 2
18 3 2
19 3 2
20 3 2
21 3 2
22 3 2
25 3 2
26 3 2
27 3 2
28 3 2
23 2 2
31 2 2
39 2 2
47 2 2
58 2 2
59 2 2
60 2 2
61 2 2
9 4 3
10 4 3
11 4 3
12 4 3
13 4 3
14 4 3
17 4 3
18 4 3
19 4 3
20 4 3
21 4 3
22 4 3
25 4 3
26 4 3
27 4 3
28 4 3
23 2 3
31 2 3
39 2 3
47 2 3
58 2 3
59 2 3
60 2 3
61 2 3
9 5 4
10 5 4
11 5 4
12 5 4
13 5 4
14 5 4
17 5 4
18 5 4
19 5 4
20 5 4
21 5 4
22 5 4
25 5 4
26 5 4
27 5 4
28 5 4
23 2 4
31 2 4
39 2 4
47 2 4
58 2 4
59 2 4
60 2 4
61 2 4
9 8 5
10 8 5
11 8 5
12 8 5
13 8 5
14 8 5
17 8 5
18 8 5
19 8 5
20 8 5
21 8 5
22 8 5
25 8 5
26 8 5
27 8 5
28 8 5
23 2 5
31 2 5
39 2 5
47 2 5
58 2 5
59 2 5
60 2 5
61 2 5
9 16 6
10 16 6
11 16 6
12 16 6
13 16 6
14 16 6
17 16 6
18 16 6
19 16 6
20 16 6
21 16 6
22 16 6
25 16 6
26 16 6
27 16 6
28 16 6
23 2 6
31 2 6
39 2 6
47 2 6
58 2 6
59 2 6
60 2 6
61 2 6
9 24 7
10 24 7
11 24 7
12 24 7
13 24 7
14 24 7
17 24 7
18 24 7
19 24 7
20 24 7
21 24 7
22 24 7
25 24 7
26 24 7
27 24 7
28 24 7
23 2 7
31 2 7
39 2 7
47 2 7
58 2 7
59 2 7
60 2 7
61 2 7
9 32 8
10 32 8
11 32 8
12 32 8
13 32 8
14 32 8
17 32 8
18 32 8
19 32 8
20 32 8
21 32 8
22 32 8
25 32 8
26 32 8
27 32 8
28 32 8
23 2 8
31 2 8
39 2 8
47 2 8
58 2 8
59 2 8
60 2 8
61 2 8
9 23 9
10 23 9
11 23 9
12 23 9
13 23 9
14 23 9
17 23 9
18 23 9
19 23 9
20 23 9
21 23 9
22 23 9
25 23 9
26 23 9
27 23 9
28 23 9
23 2 9
31 2 9
39 2 9
47 2 9
58 2 9
59 2 9
60 2 9
61 2 9
9 23 10
10 23 10
11 23 10
12 23 10
13 23 10
14 23 10
17 23 10
18 23 10
19 23 10
20 23 10
21 23 10
22 23 10
25 23 10
26 23 10
27 23 10
28 23 10
23 2 10
31 2 10
39 2 10
47 2 10
58 2 10
59 2 10
60 2 10
61 2 10
9 23 11
10 23 11
11 23 11
12 23 11
13 23 11
14 23 11
17 23 11
18 23 11
19 23 11
20 23 11
21 23 11
22 23 11
25 23 11
26 23 11
27 23 11
28 23 11
23 2 11
31 2 11
39 2 11
47 2 11
58 2 11
59 2 11
60 2 11
61 2 11
9 31 12
10 31 12
11 31 12
12 31 12
13 31 12
14 31 12
17 31 12
18 31 12
19 31 12
20 31 12
21 31 12
22 31 12
25 31 12
26 31 12
27 31 12
28 31 12
23 2 12
31 2 12
39 2 12
47 2 12
58 2 12
59 2 12
60 2 12
61 2 12
9 31 13
10 31 13
11 31 13
12 31 13
13 31 13
14 31 13
17 31 13
18 31 13
19 31 13
20 31 13
21 31 13
22 31 13
25 31 13
26 31 13
27 31 13
28 31 13
23 2 13
31 2 13
39 2 13
47 2 13
58 2 13
59 2 13
60 2 13
61 2 13
9 31 14
10 31 14
11 31 14
12 31 14
13 31 14
14 31 14
17 31 14
18 31 14
19 31 14
20 31 14
21 31 14
22 31 14
25 31 14
26 31 14
27 31 14
28 31 14
23 2 14
31 2 14
39 2 14
47 2 14
58 2 14
59 2 14
60 2 14
61 2 14
9 39 15
10 39 15
11 39 15
12 39 15
13 39 15
14 39 15
17 39 15
18 39 15
19 39 15
20 39 15
21 39 15
22 39 15
25 39 15
26 39 15
27 39 15
28 39 15
23 2 15
31 2 15
39 2 15
47 2 15
58 2 15
59 2 15
60 2 15
61 2 15
9 39 16
10 39 16
11 39 16
12 39 16
13 39 16
14 39 16
17 39 16
18 39 16
19 39 16
20 39 16
21 39 16
22 39 16
25 39 16
26 39 16
27 39 16
28 39 16
23 2 16
31 2 16
39 2 16
47 2 16
58 2 16
59 2 16
60 2 16
61 2 16
9 39 17
10 39 17
11 39 17
12 39 17
13 39 17
14 39 17
17 39 17
18 39 17
19 39 17
20 39 17
21 39 17
22 39 17
25 39 17
26 39 17
27 39 17
28 39 17
23 2 17
31 2 17
39 2 17
47 2 17
58 2 17
59 2 17
60 2 17
61 2 17
9 47 18
10 47 18
11 47 18
12 47 18
13 47 18
14 47 18
17 47 18
18 47 18
19 47 18
20 47 18
21 47 18
22 47 18
25 47 18
26 47 18
27 47 18
28 47 18
23 2 18
31 2 18
39 2 18
47 2 18
58 2 18
59 2 18
60 2 18
61 2 18
9 47 19
10 47 19
11 47 19
12 47 19
13 47 19
14 47 19
17 47 19
18 47 19
19 47 19
20 47 19
21 47 19
22 47 19
25 47 19
26 47 19
27 47 19
28 47 19
23 2 19
31 2 19
39 2 19
47 2 19
58 2 19
59 2 19
60 2 19
61 2 19
9 47 20
10 47 20
11 47 20
12 47 20
13 47 20
14 47 20
17 47 20
18 47 20
19 47 20
20 47 20
21 47 20
22 47 20
25 47 20
26 47 20
27 47 20
28 47 20
23 2 20
31 2 20
39 2 20
47 2 20
58 2 20
59 2 20
60 2 20
61 2 20
9 58 21
10 58 21
11 58 21
12 58 21
13 58 21
14 58 21
17 58 21
18 58 21
19 58 21
20 58 21
21 58 21
22 58 21
25 58 21
26 58 21
27 58 21
28 58 21
23 2 21
31 2 21
39 2 21
47 2 21
58 2 21
59 2 21
60 2 21
61 2 21
9 58 22
10 58 22
11 58 22
12 58 22
13 58 22
14 58 22
17 58 22
18 58 22
19 58 22
20 58 22
21 58 22
22 58 22
25 58 22
26 58 22
27 58 22
28 58 22
23 2 22
31 2 22
39 2 22
47 2 22
58 2 22
59 2 22
60 2 22
61 2 22
9 58 23
10 58 23
11 58 23
12 58 23
13 58 23
14 58 23
17 58 23
18 58 23
19 58 23
20 58 23
21 58 23
22 58 23
25 58 23
26 58 23
27 58 23
28 58 23
23 2 23
31 2 23
39 2 23
47 2 23
58 2 23
59 2 23
60 2 23
61 2 23
9 59 24
10 59 24
11 59 24
12 59 24
13 59 24
14 59 24
17 59 24
18 59 24
19 59 24
20 59 24
21 59 24
22 59 24
25 59 24
26 59 24
27 59 24
28 59 24
23 2 24
31 2 24
39 2 24
47 2 24
58 2 24
59 2 24
60 2 24
61 2 24
9 59 25
10 59 25
11 59 25
12 59 25
13 59 25
14 59 25
17 59 25
18 59 25
19 59 25
20 59 25
21 59 25
22 59 25
25 59 25
26 59 25
27 59 25
28 59 25
23 2 25
31 2 25
39 2 25
47 2 25
58 2 25
59 2 25
60 2 25
61 2 25
9 59 26
10 59 26
11 59 26
12 59 26
13 59 26
14 59 26
17 59 26
18 59 26
19 59 26
20 59 26
21 59 26
22 59 26
25 59 26
26 59 26
27 59 26
28 59 26
23 2 26
31 2 26
39 2 26
47 2 26
58 2 26
59 2 26
60 2 26
61 2 26
9 60 27
10 60 27
11 60 27
12 60 27
13 60 27
14 60 27
17 60 27
18 60 27
19 60 27
20 60 27
21 60 27
22 60 27
25 60 27
26 60 27
27 60 27
28 60 27
23 2 27
31 2 27
39 2 27
47 2 27
58 2 27
59 2 27
60 2 27
61 2 27
9 60 28
10 60 28
11 60 28
12 60 28
13 60 28
14 60 28
17 60 28
18 60 28
19 60 28
20 60 28
21 60 28
22 60 28
25 60 28
26 60 28
27 60 28
28 60 28
23 2 28
31 2 28
39 2 28
47 2 28
58 2 28
59 2 28
60 2 28
61 2 28
9 60 29
10 60 29
11 60 29
12 60 29
13 60 29
14 60 29
17 60 29
18 60 29
19 60 29
20 60 29
21 60 29
22 60 29
25 60 29
26 60 29
27 60 29
28 60 29
23 2 29
31 2 29
39 2 29
47 2 29
58 2 29
59 2 29
60 2 29
61 2 29
9 61 30
10 61 30
11 61 30
12 61 30
13 61 30
14 61 30
17 61 30
18 61 30
19 61 30
20 61 30
21 61 30
22 61 30
25 61 30
26 61 30
27 61 30
28 61 30
23 2 30
31 2 30
39 2 30
47 2 30
58 2 30
59 2 30
60 2 30
61 2 30
9 61 31
10 61 31
11 61 31
12 61 31
13 61 31
14 61 31
17 61 31
18 61 31
19 61 31
20 61 31
21 61 31
22 61 31
25 61 31
26 61 31
27 61 31
28 61 31
23 2 31
31 2 31
39 2 31
47 2 31
58 2 31
59 2 31
60 2 31
61 2 31
9 61 32
10 61 32
11 61 32
12 61 32
13 61 32
14 61 32
17 61 32
18 61 32
19 61 32
20 61 32
21 61 32
22 61 32
25 61 32
26 61 32
27 61 32
28 61 32
23 2 32
31 2 32
39 2 32
47 2 32
58 2 32
59 2 32
60 2 32
61 2 32
23 2 33
31 2 33
39 2 33
47 2 33
58 2 33
59 2 33
60 2 33
61 2 33
23 2 34
31 2 34
39 2 34
47 2 34
58 2 34
59 2 34
60 2 34
61 2 34
23 2 35
31 2 35
39 2 35
47 2 35
58 2 35
59 2 35
60 2 35
61 2 35
23 2 36
31 2 36
39 2 36
47 2 36
58 2 36
59 2 36
60 2 36
61 2 36
23 2 37
31 2 37
39 2 37
47 2 37
58 2 37
59 2 37
60 2 37
61 2 37
23 2 38
31 2 38
39 2 38
47 2 38
58 2 38
59 2 38
60 2 38
61 2 38
23 2 39
31 2 39
39 2 39
47 2 39
58 2 39
59 2 39
60 2 39
61 2 39
23 2 40
31 2 40
39 2 40
47 2 40
58 2 40
59 2 40
60 2 40
61 2 40
23 2 41
31 2 41
39 2 41
47 2 41
58 2 41
59 2 41
60 2 41
61 2 41
23 2 42
31 2 42
39 2 42
47 2 42
58 2 42
59 2 42
60 2 42
61 2 42
23 2 43
31 2 43
39 2 43
47 2 43
58 2 43
59 2 43
60 2 43
61 2 43
23 2 44
31 2 44
39 2 44
47 2 44
58 2 44
59 2 44
60 2 44
61 2 44
23 2 45
31 2 45
39 2 45
47 2 45
58 2 45
59 2 45
60 2 45
61 2 45
23 2 46
31 2 46
39 2 46
47 2 46
58 2 46
59 2 46
60 2 46
61 2 46
23 2 47
31 2 47
39 2 47
47 2 47
58 2 47
59 2 47
60 2 47
61 2 47
23 2 48
31 2 48
39 2 48
47 2 48
58 2 48
59 2 48
60 2 48
61 2 48
23 3 49
31 3 49
39 3 49
47 3 49
58 3 49
59 3 49
60 3 49
61 3 49
23 3 50
31 3 50
39 3 50
47 3 50
58 3 50
59 3 50
60 3 50
61 3 50
23 3 51
31 3 51
39 3 51
47 3 51
58 3 51
59 3 51
60 3 51
61 3 51
23 3 52
31 3 52
39 3 52
47 3 52
58 3 52
59 3 52
60 3 52
61 3 52
23 3 53
31 3 53
39 3 53
47 3 53
58 3 53
59 3 53
60 3 53
61 3 53
23 3 54
31 3 54
39 3 54
47 3 54
58 3 54
59 3 54
60 3 54
61 3 54
23 3 55
31 3 55
39 3 55
47 3 55
58 3 55
59 3 55
60 3 55
61 3 55
23 3 56
31 3 56
39 3 56
47 3 56
58 3 56
59 3 56
60 3 56
61 3 56
23 3 57
31 3 57
39 3 57
47 3 57
58 3 57
59 3 57
60 3 57
61 3 57
23 3 58
31 3 58
39 3 58
47 3 58
58 3 58
59 3 58
60 3 58
61 3 58
23 3 59
31 3 59
39 3 59
47 3 59
58 3 59
59 3 59
60 3 59
61 3 59
23 3 60
31 3 60
39 3 60
47 3 60
58 3 60
59 3 60
60 3 60
61 3 60
23 3 61
31 3 61
39 3 61
47 3 61
58 3 61
59 3 61
60 3 61
61 3 61
23 3 62
31 3 62
39 3 62
47 3 62
58 3 62
59 3 62
60 3 62
61 3 62
23 3 63
31 3 63
39 3 63
47 3 63
58 3 63
59 3 63
60 3 63
61 3 63
23 3 64
31 3 64
39 3 64
47 3 64
58 3 64
59 3 64
60 3 64
61 3 64
23 3 65
31 3 65
39 3 65
47 3 65
58 3 65
59 3 65
60 3 65
61 3 65
23 3 66
31 3 66
39 3 66
47 3 66
58 3 66
59 3 66
60 3 66
61 3 66
23 3 67
31 3 67
39 3 67
47 3 67
58 3 67
59 3 67
60 3 67
61 3 67
23 3 68
31 3 68
39 3 68
47 3 68
58 3 68
59 3 68
60 3 68
61 3 68
23 3 69
31 3 69
39 3 69
47 3 69
58 3 69
59 3 69
60 3 69
61 3 69
23 3 70
31 3 70
39 3 70
47 3 70
58 3 70
59 3 70
60 3 70
61 3 70
23 3 71
31 3 71
39 3 71
47 3 71
58 3 71
59 3 71
60 3 71
61 3 71
23 3 72
31 3 72
39 3 72
47 3 72
58 3 72
59 3 72
60 3 72
61 3 72
23 3 73
31 3 73
39 3 73
47 3 73
58 3 73
59 3 73
60 3 73
61 3 73
23 3 74
31 3 74
39 3 74
47 3 74
58 3 74
59 3 74
60 3 74
61 3 74
23 3 75
31 3 75
39 3 75
47 3 75
58 3 75
59 3 75
60 3 75
61 3 75
23 3 76
31 3 76
39 3 76
47 3 76
58 3 76
59 3 76
60 3 76
61 3 76
23 3 77
31 3 77
39 3 77
47 3 77
58 3 77
59 3 77
60 3 77
61 3 77
23 3 78
31 3 78
39 3 78
47 3 78
58 3 78
59 3 78
60 3 78
61 3 78
23 3 79
31 3 79
39 3 79
47 3 79
58 3 79
59 3 79
60 3 79
61 3 79
23 3 80
31 3 80
39 3 80
47 3 80
58 3 80
59 3 80
60 3 80
61 3 80
23 3 81
31 3 81
39 3 81
47 3 81
58 3 81
59 3 81
60 3 81
61 3 81
23 3 82
31 3 82
39 3 82
47 3 82
58 3 82
59 3 82
60 3 82
61 3 82
23 3 83
31 3 83
39 3 83
47 3 83
58 3 83
59 3 83
60 3 83
61 3 83
23 3 84
31 3 84
39 3 84
47 3 84
58 3 84
59 3 84
60 3 84
61 3 84
23 3 85
31 3 85
39 3 85
47 3 85
58 3 85
59 3 85
60 3 85
61 3 85
23 3 86
31 3 86
39 3 86
47 3 86
58 3 86
59 3 86
60 3 86
61 3 86
23 3 87
31 3 87
39 3 87
47 3 87
58 3 87
59 3 87
60 3 87
61 3 87
23 3 88
31 3 88
39 3 88
47 3 88
58 3 88
59 3 88
60 3 88
61 3 88
23 3 89
31 3 89
39 3 89
47 3 89
58 3 89
59 3 89
60 3 89
61 3 89
23 3 90
31 3 90
39 3 90
47 3 90
58 3 90
59 3 90
60 3 90
61 3 90
23 3 91
31 3 91
39 3 91
47 3 91
58 3 91
59 3 91
60 3 91
61 3 91
23 3 92
31 3 92
39 3 92
47 3 92
58 3 92
59 3 92
60 3 92
61 3 92
23 3 93
31 3 93
39 3 93
47 3 93
58 3 93
59 3 93
60 3 93
61 3 93
23 3 94
31 3 94
39 3 94
47 3 94
58 3 94
59 3 94
60 3 94
61 3 94
23 3 95
31 3 95
39 3 95
47 3 95
58 3 95
59 3 95
60 3 95
61 3 95
23 3 96
31 3 96
39 3 96
47 3 96
58 3 96
59 3 96
60 3 96
61 3 96
23 4 97
31 4 97
39 4 97
47 4 97
58 4 97
59 4 97
60 4 97
61 4 97
23 4 98
31 4 98
39 4 98
47 4 98
58 4 98
59 4 98
60 4 98
61 4 98
23 4 99
31 4 99
39 4 99
47 4 99
58 4 99
59 4 99
60 4 99
61 4 99
23 4 100
31 4 100
39 4 100
47 4 100
58 4 100
59 4 100
60 4 100
61 4 100
23 4 101
31 4 101
39 4 101
47 4 101
58 4 101
59 4 101
60 4 101
61 4 101
23 4 102
31 4 102
39 4 102
47 4 102
58 4 102
59 4 102
60 4 102
61 4 102
23 4 103
31 4 103
39 4 103
47 4 103
58 4 103
59 4 103
60 4 103
61 4 103
23 4 104
31 4 104
39 4 104
47 4 104
58 4 104
59 4 104
60 4 104
61 4 104
23 4 105
31 4 105
39 4 105
47 4 105
58 4 105
59 4 105
60 4 105
61 4 105
23 4 106
31 4 106
39 4 106
47 4 106
58 4 106
59 4 106
60 4 106
61 4 106
23 4 107
31 4 107
39 4 107
47 4 107
58 4 107
59 4 107
60 4 107
61 4 107
23 4 108
31 4 108
39 4 108
47 4 108
58 4 108
59 4 108
60 4 108
61 4 108
23 4 109
31 4 109
39 4 109
47 4 109
58 4 109
59 4 109
60 4 109
61 4 109
23 4 110
31 4 110
39 4 110
47 4 110
58 4 110
59 4 110
60 4 110
61 4 110
23 4 111
31 4 111
39 4 111
47 4 111
58 4 111
59 4 111
60 4 111
61 4 111
23 4 112
31 4 112
39 4 112
47 4 112
58 4 112
59 4 112
60 4 112
61 4 112
23 4 113
31 4 113
39 4 113
47 4 113
58 4 113
59 4 113
60 4 113
61 4 113
23 4 114
31 4 114
39 4 114
47 4 114
58 4 114
59 4 114
60 4 114
61 4 114
23 4 115
31 4 115
39 4 115
47 4 115
58 4 115
59 4 115
60 4 115
61 4 115
23 4 116
31 4 116
39 4 116
47 4 116
58 4 116
59 4 116
60 4 116
61 4 116
23 4 117
31 4 117
39 4 117
47 4 117
58 4 117
59 4 117
60 4 117
61 4 117
23 4 118
31 4 118
39 4 118
47 4 118
58 4 118
59 4 118
60 4 118
61 4 118
23 4 119
31 4 119
39 4 119
47 4 119
58 4 119
59 4 119
60 4 119
61 4 119
23 4 120
31 4 120
39 4 120
47 4 120
58 4 120
59 4 120
60 4 120
61 4 120
23 4 121
31 4 121
39 4 121
47 4 121
58 4 121
59 4 121
60 4 121
61 4 121
23 4 122
31 4 122
39 4 122
47 4 122
58 4 122
59 4 122
60 4 122
61 4 122
23 4 123
31 4 123
39 4 123
47 4 123
58 4 123
59 4 123
60 4 123
61 4 123
23 4 124
31 4 124
39 4 124
47 4 124
58 4 124
59 4 124
60 4 124
61 4 124
23 4 125
31 4 125
39 4 125
47 4 125
58 4 125
59 4 125
60 4 125
61 4 125
23 4 126
31 4 126
39 4 126
47 4 126
58 4 126
59 4 126
60 4 126
61 4 126
23 4 127
31 4 127
39 4 127
47 4 127
58 4 127
59 4 127
60 4 127
61 4 127
23 4 128
31 4 128
39 4 128
47 4 128
58 4 128
59 4 128
60 4 128
61 4 128
23 4 129
31 4 129
39 4 129
47 4 129
58 4 129
59 4 129
60 4 129
61 4 129
23 4 130
31 4 130
39 4 130
47 4 130
58 4 130
59 4 130
60 4 130
61 4 130
23 4 131
31 4 131
39 4 131
47 4 131
58 4 131
59 4 131
60 4 131
61 4 131
23 4 132
31 4 132
39 4 132
47 4 132
58 4 132
59 4 132
60 4 132
61 4 132
23 4 133
31 4 133
39 4 133
47 4 133
58 4 133
59 4 133
60 4 133
61 4 133
23 4 134
31 4 134
39 4 134
47 4 134
58 4 134
59 4 134
60 4 134
61 4 134
23 4 135
31 4 135
39 4 135
47 4 135
58 4 135
59 4 135
60 4 135
61 4 135
23 4 136
31 4 136
39 4 136
47 4 136
58 4 136
59 4 136
60 4 136
61 4 136
23 4 137
31 4 137
39 4 137
47 4 137
58 4 137
59 4 137
60 4 137
61 4 137
23 4 138
31 4 138
39 4 138
47 4 138
58 4 138
59 4 138
60 4 138
61 4 138
23 4 139
31 4 139
39 4 139
47 4 139
58 4 139
59 4 139
60 4 139
61 4 139
23 4 140
31 4 140
39 4 140
47 4 140
58 4 140
59 4 140
60 4 140
61 4 140
23 4 141
31 4 141
39 4 141
47 4 141
58 4 141
59 4 141
60 4 141
61 4 141
23 4 142
31 4 142
39 4 142
47 4 142
58 4 142
59 4 142
60 4 142
61 4 142
23 4 143
31 4 143
39 4 143
47 4 143
58 4 143
59 4 143
60 4 143
61 4 143
23 4 144
31 4 144
39 4 144
47 4 144
58 4 144
59 4 144
60 4 144
61 4 144
23 5 145
31 5 145
39 5 145
47 5 145
58 5 145
59 5 145
60 5 145
61 5 145
23 5 146
31 5 146
39 5 146
47 5 146
58 5 146
59 5 146
60 5 146
61 5 146
23 5 147
31 5 147
39 5 147
47 5 147
58 5 147
59 5 147
60 5 147
61 5 147
23 5 148
31 5 148
39 5 148
47 5 148
58 5 148
59 5 148
60 5 148
61 5 148
23 5 149
31 5 149
39 5 149
47 5 149
58 5 149
59 5 149
60 5 149
61 5 149
23 5 150
31 5 150
39 5 150
47 5 150
58 5 150
59 5 150
60 5 150
61 5 150
23 5 151
31 5 151
39 5 151
47 5 151
58 5 151
59 5 151
60 5 151
61 5 151
23 5 152
31 5 152
39 5 152
47 5 152
58 5 152
59 5 152
60 5 152
61 5 152
23 5 153
31 5 153
39 5 153
47 5 153
58 5 153
59 5 153
60 5 153
61 5 153
23 5 154
31 5 154
39 5 154
47 5 154
58 5 154
59 5 154
60 5 154
61 5 154
23 5 155
31 5 155
39 5 155
47 5 155
58 5 155
59 5 155
60 5 155
61 5 155
23 5 156
31 5 156
39 5 156
47 5 156
58 5 156
59 5 156
60 5 156
61 5 156
23 5 157
31 5 157
39 5 157
47 5 157
58 5 157
59 5 157
60 5 157
61 5 157
23 5 158
31 5 158
39 5 158
47 5 158
58 5 158
59 5 158
60 5 158
61 5 158
23 5 159
31 5 159
39 5 159
47 5 159
58 5 159
59 5 159
60 5 159
61 5 159
23 5 160
31 5 160
39 5 160
47 5 160
58 5 160
59 5 160
60 5 160
61 5 160
23 5 161
31 5 161
39 5 161
47 5 161
58 5 161
59 5 161
60 5 161
61 5 161
23 5 162
31 5 162
39 5 162
47 5 162
58 5 162
59 5 162
60 5 162
61 5 162
23 5 163
31 5 163
39 5 163
47 5 163
58 5 163
59 5 163
60 5 163
61 5 163
23 5 164
31 5 164
39 5 164
47 5 164
58 5 164
59 5 164
60 5 164
61 5 164
23 5 165
31 5 165
39 5 165
47 5 165
58 5 165
59 5 165
60 5 165
61 5 165
23 5 166
31 5 166
39 5 166
47 5 166
58 5 166
59 5 166
60 5 166
61 5 166
23 5 167
31 5 167
39 5 167
47 5 167
58 5 167
59 5 167
60 5 167
61 5 167
23 5 168
31 5 168
39 5 168
47 5 168
58 5 168
59 5 168
60 5 168
61 5 168
23 5 169
31 5 169
39 5 169
47 5 169
58 5 169
59 5 169
60 5 169
61 5 169
23 5 170
31 5 170
39 5 170
47 5 170
58 5 170
59 5 170
60 5 170
61 5 170
23 5 171
31 5 171
39 5 171
47 5 171
58 5 171
59 5 171
60 5 171
61 5 171
23 5 172
31 5 172
39 5 172
47 5 172
58 5 172
59 5 172
60 5 172
61 5 172
23 5 173
31 5 173
39 5 173
47 5 173
58 5 173
59 5 173
60 5 173
61 5 173
23 5 174
31 5 174
39 5 174
47 5 174
58 5 174
59 5 174
60 5 174
61 5 174
23 5 175
31 5 175
39 5 175
47 5 175
58 5 175
59 5 175
60 5 175
61 5 175
23 5 176
31 5 176
39 5 176
47 5 176
58 5 176
59 5 176
60 5 176
61 5 176
23 5 177
31 5 177
39 5 177
47 5 177
58 5 177
59 5 177
60 5 177
61 5 177
23 5 178
31 5 178
39 5 178
47 5 178
58 5 178
59 5 178
60 5 178
61 5 178
23 5 179
31 5 179
39 5 179
47 5 179
58 5 179
59 5 179
60 5 179
61 5 179
23 5 180
31 5 180
39 5 180
47 5 180
58 5 180
59 5 180
60 5 180
61 5 180
23 5 181
31 5 181
39 5 181
47 5 181
58 5 181
59 5 181
60 5 181
61 5 181
23 5 182
31 5 182
39 5 182
47 5 182
58 5 182
59 5 182
60 5 182
61 5 182
23 5 183
31 5 183
39 5 183
47 5 183
58 5 183
59 5 183
60 5 183
61 5 183
23 5 184
31 5 184
39 5 184
47 5 184
58 5 184
59 5 184
60 5 184
61 5 184
23 5 185
31 5 185
39 5 185
47 5 185
58 5 185
59 5 185
60 5 185
61 5 185
23 5 186
31 5 186
39 5 186
47 5 186
58 5 186
59 5 186
60 5 186
61 5 186
23 5 187
31 5 187
39 5 187
47 5 187
58 5 187
59 5 187
60 5 187
61 5 187
23 5 188
31 5 188
39 5 188
47 5 188
58 5 188
59 5 188
60 5 188
61 5 188
23 5 189
31 5 189
39 5 189
47 5 189
58 5 189
59 5 189
60 5 189
61 5 189
23 5 190
31 5 190
39 5 190
47 5 190
58 5 190
59 5 190
60 5 190
61 5 190
23 5 191
31 5 191
39 5 191
47 5 191
58 5 191
59 5 191
60 5 191
61 5 191
23 5 192
31 5 192
39 5 192
47 5 192
58 5 192
59 5 192
60 5 192
61 5 192
23 8 193
31 8 193
39 8 193
47 8 193
58 8 193
59 8 193
60 8 193
61 8 193
23 8 194
31 8 194
39 8 194
47 8 194
58 8 194
59 8 194
60 8 194
61 8 194
23 8 195
31 8 195
39 8 195
47 8 195
58 8 195
59 8 195
60 8 195
61 8 195
23 8 196
31 8 196
39 8 196
47 8 196
58 8 196
59 8 196
60 8 196
61 8 196
23 8 197
31 8 197
39 8 197
47 8 197
58 8 197
59 8 197
60 8 197
61 8 197
23 8 198
31 8 198
39 8 198
47 8 198
58 8 198
59 8 198
60 8 198
61 8 198
23 8 199
31 8 199
39 8 199
47 8 199
58 8 199
59 8 199
60 8 199
61 8 199
23 8 200
31 8 200
39 8 200
47 8 200
58 8 200
59 8 200
60 8 200
61 8 200
23 8 201
31 8 201
39 8 201
47 8 201
58 8 201
59 8 201
60 8 201
61 8 201
23 8 202
31 8 202
39 8 202
47 8 202
58 8 202
59 8 202
60 8 202
61 8 202
23 8 203
31 8 203
39 8 203
47 8 203
58 8 203
59 8 203
60 8 203
61 8 203
23 8 204
31 8 204
39 8 204
47 8 204
58 8 204
59 8 204
60 8 204
61 8 204
23 8 205
31 8 205
39 8 205
47 8 205
58 8 205
59 8 205
60 8 205
61 8 205
23 8 206
31 8 206
39 8 206
47 8 206
58 8 206
59 8 206
60 8 206
61 8 206
23 8 207
31 8 207
39 8 207
47 8 207
58 8 207
59 8 207
60 8 207
61 8 207
23 8 208
31 8 208
39 8 208
47 8 208
58 8 208
59 8 208
60 8 208
61 8 208
23 8 209
31 8 209
39 8 209
47 8 209
58 8 209
59 8 209
60 8 209
61 8 209
23 8 210
31 8 210
39 8 210
47 8 210
58 8 210
59 8 210
60 8 210
61 8 210
23 8 211
31 8 211
39 8 211
47 8 211
58 8 211
59 8 211
60 8 211
61 8 211
23 8 212
31 8 212
39 8 212
47 8 212
58 8 212
59 8 212
60 8 212
61 8 212
23 8 213
31 8 213
39 8 213
47 8 213
58 8 213
59 8 213
60 8 213
61 8 213
23 8 214
31 8 214
39 8 214
47 8 214
58 8 214
59 8 214
60 8 214
61 8 214
23 8 215
31 8 215
39 8 215
47 8 215
58 8 215
59 8 215
60 8 215
61 8 215
23 8 216
31 8 216
39 8 216
47 8 216
58 8 216
59 8 216
60 8 216
61 8 216
23 8 217
31 8 217
39 8 217
47 8 217
58 8 217
59 8 217
60 8 217
61 8 217
23 8 218
31 8 218
39 8 218
47 8 218
58 8 218
59 8 218
60 8 218
61 8 218
23 8 219
31 8 219
39 8 219
47 8 219
58 8 219
59 8 219
60 8 219
61 8 219
23 8 220
31 8 220
39 8 220
47 8 220
58 8 220
59 8 220
60 8 220
61 8 220
23 8 221
31 8 221
39 8 221
47 8 221
58 8 221
59 8 221
60 8 221
61 8 221
23 8 222
31 8 222
39 8 222
47 8 222
58 8 222
59 8 222
60 8 222
61 8 222
23 8 223
31 8 223
39 8 223
47 8 223
58 8 223
59 8 223
60 8 223
61 8 223
23 8 224
31 8 224
39 8 224
47 8 224
58 8 224
59 8 224
60 8 224
61 8 224
23 8 225
31 8 225
39 8 225
47 8 225
58 8 225
59 8 225
60 8 225
61 8 225
23 8 226
31 8 226
39 8 226
47 8 226
58 8 226
59 8 226
60 8 226
61 8 226
23 8 227
31 8 227
39 8 227
47 8 227
58 8 227
59 8 227
60 8 227
61 8 227
23 8 228
31 8 228
39 8 228
47 8 228
58 8 228
59 8 228
60 8 228
61 8 228
23 8 229
31 8 229
39 8 229
47 8 229
58 8 229
59 8 229
60 8 229
61 8 229
23 8 230
31 8 230
39 8 230
47 8 230
58 8 230
59 8 230
60 8 230
61 8 230
23 8 231
31 8 231
39 8 231
47 8 231
58 8 231
59 8 231
60 8 231
61 8 231
23 8 232
31 8 232
39 8 232
47 8 232
58 8 232
59 8 232
60 8 232
61 8 232
23 8 233
31 8 233
39 8 233
47 8 233
58 8 233
59 8 233
60 8 233
61 8 233
23 8 234
31 8 234
39 8 234
47 8 234
58 8 234
59 8 234
60 8 234
61 8 234
23 8 235
31 8 235
39 8 235
47 8 235
58 8 235
59 8 235
60 8 235
61 8 235
23 8 236
31 8 236
39 8 236
47 8 236
58 8 236
59 8 236
60 8 236
61 8 236
23 8 237
31 8 237
39 8 237
47 8 237
58 8 237
59 8 237
60 8 237
61 8 237
23 8 238
31 8 238
39 8 238
47 8 238
58 8 238
59 8 238
60 8 238
61 8 238
23 8 239
31 8 239
39 8 239
47 8 239
58 8 239
59 8 239
60 8 239
61 8 239
23 8 240
31 8 240
39 8 240
47 8 240
58 8 240
59 8 240
60 8 240
61 8 240
23 16 241
31 16 241
39 16 241
47 16 241
58 16 241
59 16 241
60 16 241
61 16 241
23 16 242
31 16 242
39 16 242
47 16 242
58 16 242
59 16 242
60 16 242
61 16 242
23 16 243
31 16 243
39 16 243
47 16 243
58 16 243
59 16 243
60 16 243
61 16 243
23 16 244
31 16 244
39 16 244
47 16 244
58 16 244
59 16 244
60 16 244
61 16 244
23 16 245
31 16 245
39 16 245
47 16 245
58 16 245
59 16 245
60 16 245
61 16 245
23 16 246
31 16 246
39 16 246
47 16 246
58 16 246
59 16 246
60 16 246
61 16 246
23 16 247
31 16 247
39 16 247
47 16 247
58 16 247
59 16 247
60 16 247
61 16 247
23 16 248
31 16 248
39 16 248
47 16 248
58 16 248
59 16 248
60 16 248
61 16 248
23 16 249
31 16 249
39 16 249
47 16 249
58 16 249
59 16 249
60 16 249
61 16 249
23 16 250
31 16 250
39 16 250
47 16 250
58 16 250
59 16 250
60 16 250
61 16 250
23 16 251
31 16 251
39 16 251
47 16 251
58 16 251
59 16 251
60 16 251
61 16 251
23 16 252
31 16 252
39 16 252
47 16 252
58 16 252
59 16 252
60 16 252
61 16 252
23 16 253
31 16 253
39 16 253
47 16 253
58 16 253
59 16 253
60 16 253
61 16 253
23 16 254
31 16 254
39 16 254
47 16 254
58 16 254
59 16 254
60 16 254
61 16 254
23 16 255
31 16 255
39 16 255
47 16 255
58 16 255
59 16 255
60 16 255
61 16 255
23 16 256
31 16 256
39 16 256
47 16 256
58 16 256
59 16 256
60 16 256
61 16 256
23 16 257
31 16 257
39 16 257
47 16 257
58 16 257
59 16 257
60 16 257
61 16 257
23 16 258
31 16 258
39 16 258
47 16 258
58 16 258
59 16 258
60 16 258
61 16 258
23 16 259
31 16 259
39 16 259
47 16 259
58 16 259
59 16 259
60 16 259
61 16 259
23 16 260
31 16 260
39 16 260
47 16 260
58 16 260
59 16 260
60 16 260
61 16 260
23 16 261
31 16 261
39 16 261
47 16 261
58 16 261
59 16 261
60 16 261
61 16 261
23 16 262
31 16 262
39 16 262
47 16 262
58 16 262
59 16 262
60 16 262
61 16 262
23 16 263
31 16 263
39 16 263
47 16 263
58 16 263
59 16 263
60 16 263
61 16 263
23 16 264
31 16 264
39 16 264
47 16 264
58 16 264
59 16 264
60 16 264
61 16 264
23 16 265
31 16 265
39 16 265
47 16 265
58 16 265
59 16 265
60 16 265
61 16 265
23 16 266
31 16 266
39 16 266
47 16 266
58 16 266
59 16 266
60 16 266
61 16 266
23 16 267
31 16 267
39 16 267
47 16 267
58 16 267
59 16 267
60 16 267
61 16 267
23 16 268
31 16 268
39 16 268
47 16 268
58 16 268
59 16 268
60 16 268
61 16 268
23 16 269
31 16 269
39 16 269
47 16 269
58 16 269
59 16 269
60 16 269
61 16 269
23 16 270
31 16 270
39 16 270
47 16 270
58 16 270
59 16 270
60 16 270
61 16 270
23 16 271
31 16 271
39 16 271
47 16 271
58 16 271
59 16 271
60 16 271
61 16 271
23 16 272
31 16 272
39 16 272
47 16 272
58 16 272
59 16 272
60 16 272
61 16 272
23 16 273
31 16 273
39 16 273
47 16 273
58 16 273
59 16 273
60 16 273
61 16 273
23 16 274
31 16 274
39 16 274
47 16 274
58 16 274
59 16 274
60 16 274
61 16 274
23 16 275
31 16 275
39 16 275
47 16 275
58 16 275
59 16 275
60 16 275
61 16 275
23 16 276
31 16 276
39 16 276
47 16 276
58 16 276
59 16 276
60 16 276
61 16 276
23 16 277
31 16 277
39 16 277
47 16 277
58 16 277
59 16 277
60 16 277
61 16 277
23 16 278
31 16 278
39 16 278
47 16 278
58 16 278
59 16 278
60 16 278
61 16 278
23 16 279
31 16 279
39 16 279
47 16 279
58 16 279
59 16 279
60 16 279
61 16 279
23 16 280
31 16 280
39 16 280
47 16 280
58 16 280
59 16 280
60 16 280
61 16 280
23 16 281
31 16 281
39 16 281
47 16 281
58 16 281
59 16 281
60 16 281
61 16 281
23 16 282
31 16 282
39 16 282
47 16 282
58 16 282
59 16 282
60 16 282
61 16 282
23 16 283
31 16 283
39 16 283
47 16 283
58 16 283
59 16 283
60 16 283
61 16 283
23 16 284
31 16 284
39 16 284
47 16 284
58 16 284
59 16 284
60 16 284
61 16 284
23 16 285
31 16 285
39 16 285
47 16 285
58 16 285
59 16 285
60 16 285
61 16 285
23 16 286
31 16 286
39 16 286
47 16 286
58 16 286
59 16 286
60 16 286
61 16 286
23 16 287
31 16 287
39 16 287
47 16 287
58 16 287
59 16 287
60 16 287
61 16 287
23 16 288
31 16 288
39 16 288
47 16 288
58 16 288
59 16 288
60 16 288
61 16 288
23 24 289
31 24 289
39 24 289
47 24 289
58 24 289
59 24 289
60 24 289
61 24 289
23 24 290
31 24 290
39 24 290
47 24 290
58 24 290
59 24 290
60 24 290
61 24 290
23 24 291
31 24 291
39 24 291
47 24 291
58 24 291
59 24 291
60 24 291
61 24 291
23 24 292
31 24 292
39 24 292
47 24 292
58 24 292
59 24 292
60 24 292
61 24 292
23 24 293
31 24 293
39 24 293
47 24 293
58 24 293
59 24 293
60 24 293
61 24 293
23 24 294
31 24 294
39 24 294
47 24 294
58 24 294
59 24 294
60 24 294
61 24 294
23 24 295
31 24 295
39 24 295
47 24 295
58 24 295
59 24 295
60 24 295
61 24 295
23 24 296
31 24 296
39 24 296
47 24 296
58 24 296
59 24 296
60 24 296
61 24 296
23 24 297
31 24 297
39 24 297
47 24 297
58 24 297
59 24 297
60 24 297
61 24 297
23 24 298
31 24 298
39 24 298
47 24 298
58 24 298
59 24 298
60 24 298
61 24 298
23 24 299
31 24 299
39 24 299
47 24 299
58 24 299
59 24 299
60 24 299
61 24 299
23 24 300
31 24 300
39 24 300
47 24 300
58 24 300
59 24 300
60 24 300
61 24 300
23 24 301
31 24 301
39 24 301
47 24 301
58 24 301
59 24 301
60 24 301
61 24 301
23 24 302
31 24 302
39 24 302
47 24 302
58 24 302
59 24 302
60 24 302
61 24 302
23 24 303
31 24 303
39 24 303
47 24 303
58 24 303
59 24 303
60 24 303
61 24 303
23 24 304
31 24 304
39 24 304
47 24 304
58 24 304
59 24 304
60 24 304
61 24 304
23 24 305
31 24 305
39 24 305
47 24 305
58 24 305
59 24 305
60 24 305
61 24 305
23 24 306
31 24 306
39 24 306
47 24 306
58 24 306
59 24 306
60 24 306
61 24 306
23 24 307
31 24 307
39 24 307
47 24 307
58 24 307
59 24 307
60 24 307
61 24 307
23 24 308
31 24 308
39 24 308
47 24 308
58 24 308
59 24 308
60 24 308
61 24 308
23 24 309
31 24 309
39 24 309
47 24 309
58 24 309
59 24 309
60 24 309
61 24 309
23 24 310
31 24 310
39 24 310
47 24 310
58 24 310
59 24 310
60 24 310
61 24 310
23 24 311
31 24 311
39 24 311
47 24 311
58 24 311
59 24 311
60 24 311
61 24 311
23 24 312
31 24 312
39 24 312
47 24 312
58 24 312
59 24 312
60 24 312
61 24 312
23 24 313
31 24 313
39 24 313
47 24 313
58 24 313
59 24 313
60 24 313
61 24 313
23 24 314
31 24 314
39 24 314
47 24 314
58 24 314
59 24 314
60 24 314
61 24 314
23 24 315
31 24 315
39 24 315
47 24 315
58 24 315
59 24 315
60 24 315
61 24 315
23 24 316
31 24 316
39 24 316
47 24 316
58 24 316
59 24 316
60 24 316
61 24 316
23 24 317
31 24 317
39 24 317
47 24 317
58 24 317
59 24 317
60 24 317
61 24 317
23 24 318
31 24 318
39 24 318
47 24 318
58 24 318
59 24 318
60 24 318
61 24 318
23 24 319
31 24 319
39 24 319
47 24 319
58 24 319
59 24 319
60 24 319
61 24 319
23 24 320
31 24 320
39 24 320
47 24 320
58 24 320
59 24 320
60 24 320
61 24 320
23 24 321
31 24 321
39 24 321
47 24 321
58 24 321
59 24 321
60 24 321
61 24 321
23 24 322
31 24 322
39 24 322
47 24 322
58 24 322
59 24 322
60 24 322
61 24 322
23 24 323
31 24 323
39 24 323
47 24 323
58 24 323
59 24 323
60 24 323
61 24 323
23 24 324
31 24 324
39 24 324
47 24 324
58 24 324
59 24 324
60 24 324
61 24 324
23 24 325
31 24 325
39 24 325
47 24 325
58 24 325
59 24 325
60 24 325
61 24 325
23 24 326
31 24 326
39 24 326
47 24 326
58 24 326
59 24 326
60 24 326
61 24 326
23 24 327
31 24 327
39 24 327
47 24 327
58 24 327
59 24 327
60 24 327
61 24 327
23 24 328
31 24 328
39 24 328
47 24 328
58 24 328
59 24 328
60 24 328
61 24 328
23 24 329
31 24 329
39 24 329
47 24 329
58 24 329
59 24 329
60 24 329
61 24 329
23 24 330
31 24 330
39 24 330
47 24 330
58 24 330
59 24 330
60 24 330
61 24 330
23 24 331
31 24 331
39 24 331
47 24 331
58 24 331
59 24 331
60 24 331
61 24 331
23 24 332
31 24 332
39 24 332
47 24 332
58 24 332
59 24 332
60 24 332
61 24 332
23 24 333
31 24 333
39 24 333
47 24 333
58 24 333
59 24 333
60 24 333
61 24 333
23 24 334
31 24 334
39 24 334
47 24 334
58 24 334
59 24 334
60 24 334
61 24 334
23 24 335
31 24 335
39 24 335
47 24 335
58 24 335
59 24 335
60 24 335
61 24 335
23 24 336
31 24 336
39 24 336
47 24 336
58 24 336
59 24 336
60 24 336
61 24 336
23 32 337
31 32 337
39 32 337
47 32 337
58 32 337
59 32 337
60 32 337
61 32 337
23 32 338
31 32 338
39 32 338
47 32 338
58 32 338
59 32 338
60 32 338
61 32 338
23 32 339
31 32 339
39 32 339
47 32 339
58 32 339
59 32 339
60 32 339
61 32 339
23 32 340
31 32 340
39 32 340
47 32 340
58 32 340
59 32 340
60 32 340
61 32 340
23 32 341
31 32 341
39 32 341
47 32 341
58 32 341
59 32 341
60 32 341
61 32 341
23 32 342
31 32 342
39 32 342
47 32 342
58 32 342
59 32 342
60 32 342
61 32 342
23 32 343
31 32 343
39 32 343
47 32 343
58 32 343
59 32 343
60 32 343
61 32 343
23 32 344
31 32 344
39 32 344
47 32 344
58 32 344
59 32 344
60 32 344
61 32 344
23 32 345
31 32 345
39 32 345
47 32 345
58 32 345
59 32 345
60 32 345
61 32 345
23 32 346
31 32 346
39 32 346
47 32 346
58 32 346
59 32 346
60 32 346
61 32 346
23 32 347
31 32 347
39 32 347
47 32 347
58 32 347
59 32 347
60 32 347
61 32 347
23 32 348
31 32 348
39 32 348
47 32 348
58 32 348
59 32 348
60 32 348
61 32 348
23 32 349
31 32 349
39 32 349
47 32 349
58 32 349
59 32 349
60 32 349
61 32 349
23 32 350
31 32 350
39 32 350
47 32 350
58 32 350
59 32 350
60 32 350
61 32 350
23 32 351
31 32 351
39 32 351
47 32 351
58 32 351
59 32 351
60 32 351
61 32 351
23 32 352
31 32 352
39 32 352
47 32 352
58 32 352
59 32 352
60 32 352
61 32 352
23 32 353
31 32 353
39 32 353
47 32 353
58 32 353
59 32 353
60 32 353
61 32 353
23 32 354
31 32 354
39 32 354
47 32 354
58 32 354
59 32 354
60 32 354
61 32 354
23 32 355
31 32 355
39 32 355
47 32 355
58 32 355
59 32 355
60 32 355
61 32 355
23 32 356
31 32 356
39 32 356
47 32 356
58 32 356
59 32 356
60 32 356
61 32 356
23 32 357
31 32 357
39 32 357
47 32 357
58 32 357
59 32 357
60 32 357
61 32 357
23 32 358
31 32 358
39 32 358
47 32 358
58 32 358
59 32 358
60 32 358
61 32 358
23 32 359
31 32 359
39 32 359
47 32 359
58 32 359
59 32 359
60 32 359
61 32 359
23 32 360
31 32 360
39 32 360
47 32 360
58 32 360
59 32 360
60 32 360
61 32 360
23 32 361
31 32 361
39 32 361
47 32 361
58 32 361
59 32 361
60 32 361
61 32 361
23 32 362
31 32 362
39 32 362
47 32 362
58 32 362
59 32 362
60 32 362
61 32 362
23 32 363
31 32 363
39 32 363
47 32 363
58 32 363
59 32 363
60 32 363
61 32 363
23 32 364
31 32 364
39 32 364
47 32 364
58 32 364
59 32 364
60 32 364
61 32 364
23 32 365
31 32 365
39 32 365
47 32 365
58 32 365
59 32 365
60 32 365
61 32 365
23 32 366
31 32 366
39 32 366
47 32 366
58 32 366
59 32 366
60 32 366
61 32 366
23 32 367
31 32 367
39 32 367
47 32 367
58 32 367
59 32 367
60 32 367
61 32 367
23 32 368
31 32 368
39 32 368
47 32 368
58 32 368
59 32 368
60 32 368
61 32 368
23 32 369
31 32 369
39 32 369
47 32 369
58 32 369
59 32 369
60 32 369
61 32 369
23 32 370
31 32 370
39 32 370
47 32 370
58 32 370
59 32 370
60 32 370
61 32 370
23 32 371
31 32 371
39 32 371
47 32 371
58 32 371
59 32 371
60 32 371
61 32 371
23 32 372
31 32 372
39 32 372
47 32 372
58 32 372
59 32 372
60 32 372
61 32 372
23 32 373
31 32 373
39 32 373
47 32 373
58 32 373
59 32 373
60 32 373
61 32 373
23 32 374
31 32 374
39 32 374
47 32 374
58 32 374
59 32 374
60 32 374
61 32 374
23 32 375
31 32 375
39 32 375
47 32 375
58 32 375
59 32 375
60 32 375
61 32 375
23 32 376
31 32 376
39 32 376
47 32 376
58 32 376
59 32 376
60 32 376
61 32 376
23 32 377
31 32 377
39 32 377
47 32 377
58 32 377
59 32 377
60 32 377
61 32 377
23 32 378
31 32 378
39 32 378
47 32 378
58 32 378
59 32 378
60 32 378
61 32 378
23 32 379
31 32 379
39 32 379
47 32 379
58 32 379
59 32 379
60 32 379
61 32 379
23 32 380
31 32 380
39 32 380
47 32 380
58 32 380
59 32 380
60 32 380
61 32 380
23 32 381
31 32 381
39 32 381
47 32 381
58 32 381
59 32 381
60 32 381
61 32 381
23 32 382
31 32 382
39 32 382
47 32 382
58 32 382
59 32 382
60 32 382
61 32 382
23 32 383
31 32 383
39 32 383
47 32 383
58 32 383
59 32 383
60 32 383
61 32 383
23 32 384
31 32 384
39 32 384
47 32 384
58 32 384
59 32 384
60 32 384
61 32 384
