12 3 1
13 3 1
14 3 1
17 3 1
18 3 1
19 3 1
20 3 1
21 3 1
22 3 1
25 3 1
26 3 1
27 3 1
28 3 1
29 3 1
30 3 1
33 3 1
7 3 1
15 3 1
23 3 1
31 3 1
56 3 1
57 3 1
58 3 1
59 3 1
12 4 2
13 4 2
14 4 2
17 4 2
18 4 2
19 4 2
20 4 2
21 4 2
22 4 2
25 4 2
26 4 2
27 4 2
28 4 2
29 4 2
30 4 2
33 4 2
7 3 2
15 3 2
23 3 2
31 3 2
56 3 2
57 3 2
58 3 2
59 3 2
12 5 3
13 5 3
14 5 3
17 5 3
18 5 3
19 5 3
20 5 3
21 5 3
22 5 3
25 5 3
26 5 3
27 5 3
28 5 3
29 5 3
30 5 3
33 5 3
7 3 3
15 3 3
23 3 3
31 3 3
56 3 3
57 3 3
58 3 3
59 3 3
12 6 4
13 6 4
14 6 4
17 6 4
18 6 4
19 6 4
20 6 4
21 6 4
22 6 4
25 6 4
26 6 4
27 6 4
28 6 4
29 6 4
30 6 4
33 6 4
7 3 4
15 3 4
23 3 4
31 3 4
56 3 4
57 3 4
58 3 4
59 3 4
12 24 5
13 24 5
14 24 5
17 24 5
18 24 5
19 24 5
20 24 5
21 24 5
22 24 5
25 24 5
26 24 5
27 24 5
28 24 5
29 24 5
30 24 5
33 24 5
7 3 5
15 3 5
23 3 5
31 3 5
56 3 5
57 3 5
58 3 5
59 3 5
12 32 6
13 32 6
14 32 6
17 32 6
18 32 6
19 32 6
20 32 6
21 32 6
22 32 6
25 32 6
26 32 6
27 32 6
28 32 6
29 32 6
30 32 6
33 32 6
7 3 6
15 3 6
23 3 6
31 3 6
56 3 6
57 3 6
58 3 6
59 3 6
12 40 7
13 40 7
14 40 7
17 40 7
18 40 7
19 40 7
20 40 7
21 40 7
22 40 7
25 40 7
26 40 7
27 40 7
28 40 7
29 40 7
30 40 7
33 40 7
7 3 7
15 3 7
23 3 7
31 3 7
56 3 7
57 3 7
58 3 7
59 3 7
12 48 8
13 48 8
14 48 8
17 48 8
18 48 8
19 48 8
20 48 8
21 48 8
22 48 8
25 48 8
26 48 8
27 48 8
28 48 8
29 48 8
30 48 8
33 48 8
7 3 8
15 3 8
23 3 8
31 3 8
56 3 8
57 3 8
58 3 8
59 3 8
12 7 9
13 7 9
14 7 9
17 7 9
18 7 9
19 7 9
20 7 9
21 7 9
22 7 9
25 7 9
26 7 9
27 7 9
28 7 9
29 7 9
30 7 9
33 7 9
7 3 9
15 3 9
23 3 9
31 3 9
56 3 9
57 3 9
58 3 9
59 3 9
12 7 10
13 7 10
14 7 10
17 7 10
18 7 10
19 7 10
20 7 10
21 7 10
22 7 10
25 7 10
26 7 10
27 7 10
28 7 10
29 7 10
30 7 10
33 7 10
7 3 10
15 3 10
23 3 10
31 3 10
56 3 10
57 3 10
58 3 10
59 3 10
12 7 11
13 7 11
14 7 11
17 7 11
18 7 11
19 7 11
20 7 11
21 7 11
22 7 11
25 7 11
26 7 11
27 7 11
28 7 11
29 7 11
30 7 11
33 7 11
7 3 11
15 3 11
23 3 11
31 3 11
56 3 11
57 3 11
58 3 11
59 3 11
12 15 12
13 15 12
14 15 12
17 15 12
18 15 12
19 15 12
20 15 12
21 15 12
22 15 12
25 15 12
26 15 12
27 15 12
28 15 12
29 15 12
30 15 12
33 15 12
7 3 12
15 3 12
23 3 12
31 3 12
56 3 12
57 3 12
58 3 12
59 3 12
12 15 13
13 15 13
14 15 13
17 15 13
18 15 13
19 15 13
20 15 13
21 15 13
22 15 13
25 15 13
26 15 13
27 15 13
28 15 13
29 15 13
30 15 13
33 15 13
7 3 13
15 3 13
23 3 13
31 3 13
56 3 13
57 3 13
58 3 13
59 3 13
12 15 14
13 15 14
14 15 14
17 15 14
18 15 14
19 15 14
20 15 14
21 15 14
22 15 14
25 15 14
26 15 14
27 15 14
28 15 14
29 15 14
30 15 14
33 15 14
7 3 14
15 3 14
23 3 14
31 3 14
56 3 14
57 3 14
58 3 14
59 3 14
12 23 15
13 23 15
14 23 15
17 23 15
18 23 15
19 23 15
20 23 15
21 23 15
22 23 15
25 23 15
26 23 15
27 23 15
28 23 15
29 23 15
30 23 15
33 23 15
7 3 15
15 3 15
23 3 15
31 3 15
56 3 15
57 3 15
58 3 15
59 3 15
12 23 16
13 23 16
14 23 16
17 23 16
18 23 16
19 23 16
20 23 16
21 23 16
22 23 16
25 23 16
26 23 16
27 23 16
28 23 16
29 23 16
30 23 16
33 23 16
7 3 16
15 3 16
23 3 16
31 3 16
56 3 16
57 3 16
58 3 16
59 3 16
12 23 17
13 23 17
14 23 17
17 23 17
18 23 17
19 23 17
20 23 17
21 23 17
22 23 17
25 23 17
26 23 17
27 23 17
28 23 17
29 23 17
30 23 17
33 23 17
7 3 17
15 3 17
23 3 17
31 3 17
56 3 17
57 3 17
58 3 17
59 3 17
12 31 18
13 31 18
14 31 18
17 31 18
18 31 18
19 31 18
20 31 18
21 31 18
22 31 18
25 31 18
26 31 18
27 31 18
28 31 18
29 31 18
30 31 18
33 31 18
7 3 18
15 3 18
23 3 18
31 3 18
56 3 18
57 3 18
58 3 18
59 3 18
12 31 19
13 31 19
14 31 19
17 31 19
18 31 19
19 31 19
20 31 19
21 31 19
22 31 19
25 31 19
26 31 19
27 31 19
28 31 19
29 31 19
30 31 19
33 31 19
7 3 19
15 3 19
23 3 19
31 3 19
56 3 19
57 3 19
58 3 19
59 3 19
12 31 20
13 31 20
14 31 20
17 31 20
18 31 20
19 31 20
20 31 20
21 31 20
22 31 20
25 31 20
26 31 20
27 31 20
28 31 20
29 31 20
30 31 20
33 31 20
7 3 20
15 3 20
23 3 20
31 3 20
56 3 20
57 3 20
58 3 20
59 3 20
12 56 21
13 56 21
14 56 21
17 56 21
18 56 21
19 56 21
20 56 21
21 56 21
22 56 21
25 56 21
26 56 21
27 56 21
28 56 21
29 56 21
30 56 21
33 56 21
7 3 21
15 3 21
23 3 21
31 3 21
56 3 21
57 3 21
58 3 21
59 3 21
12 56 22
13 56 22
14 56 22
17 56 22
18 56 22
19 56 22
20 56 22
21 56 22
22 56 22
25 56 22
26 56 22
27 56 22
28 56 22
29 56 22
30 56 22
33 56 22
7 3 22
15 3 22
23 3 22
31 3 22
56 3 22
57 3 22
58 3 22
59 3 22
12 56 23
13 56 23
14 56 23
17 56 23
18 56 23
19 56 23
20 56 23
21 56 23
22 56 23
25 56 23
26 56 23
27 56 23
28 56 23
29 56 23
30 56 23
33 56 23
7 3 23
15 3 23
23 3 23
31 3 23
56 3 23
57 3 23
58 3 23
59 3 23
12 57 24
13 57 24
14 57 24
17 57 24
18 57 24
19 57 24
20 57 24
21 57 24
22 57 24
25 57 24
26 57 24
27 57 24
28 57 24
29 57 24
30 57 24
33 57 24
7 3 24
15 3 24
23 3 24
31 3 24
56 3 24
57 3 24
58 3 24
59 3 24
12 57 25
13 57 25
14 57 25
17 57 25
18 57 25
19 57 25
20 57 25
21 57 25
22 57 25
25 57 25
26 57 25
27 57 25
28 57 25
29 57 25
30 57 25
33 57 25
7 3 25
15 3 25
23 3 25
31 3 25
56 3 25
57 3 25
58 3 25
59 3 25
12 57 26
13 57 26
14 57 26
17 57 26
18 57 26
19 57 26
20 57 26
21 57 26
22 57 26
25 57 26
26 57 26
27 57 26
28 57 26
29 57 26
30 57 26
33 57 26
7 3 26
15 3 26
23 3 26
31 3 26
56 3 26
57 3 26
58 3 26
59 3 26
12 58 27
13 58 27
14 58 27
17 58 27
18 58 27
19 58 27
20 58 27
21 58 27
22 58 27
25 58 27
26 58 27
27 58 27
28 58 27
29 58 27
30 58 27
33 58 27
7 3 27
15 3 27
23 3 27
31 3 27
56 3 27
57 3 27
58 3 27
59 3 27
12 58 28
13 58 28
14 58 28
17 58 28
18 58 28
19 58 28
20 58 28
21 58 28
22 58 28
25 58 28
26 58 28
27 58 28
28 58 28
29 58 28
30 58 28
33 58 28
7 3 28
15 3 28
23 3 28
31 3 28
56 3 28
57 3 28
58 3 28
59 3 28
12 58 29
13 58 29
14 58 29
17 58 29
18 58 29
19 58 29
20 58 29
21 58 29
22 58 29
25 58 29
26 58 29
27 58 29
28 58 29
29 58 29
30 58 29
33 58 29
7 3 29
15 3 29
23 3 29
31 3 29
56 3 29
57 3 29
58 3 29
59 3 29
12 59 30
13 59 30
14 59 30
17 59 30
18 59 30
19 59 30
20 59 30
21 59 30
22 59 30
25 59 30
26 59 30
27 59 30
28 59 30
29 59 30
30 59 30
33 59 30
7 3 30
15 3 30
23 3 30
31 3 30
56 3 30
57 3 30
58 3 30
59 3 30
12 59 31
13 59 31
14 59 31
17 59 31
18 59 31
19 59 31
20 59 31
21 59 31
22 59 31
25 59 31
26 59 31
27 59 31
28 59 31
29 59 31
30 59 31
33 59 31
7 3 31
15 3 31
23 3 31
31 3 31
56 3 31
57 3 31
58 3 31
59 3 31
12 59 32
13 59 32
14 59 32
17 59 32
18 59 32
19 59 32
20 59 32
21 59 32
22 59 32
25 59 32
26 59 32
27 59 32
28 59 32
29 59 32
30 59 32
33 59 32
7 3 32
15 3 32
23 3 32
31 3 32
56 3 32
57 3 32
58 3 32
59 3 32
7 3 33
15 3 33
23 3 33
31 3 33
56 3 33
57 3 33
58 3 33
59 3 33
7 3 34
15 3 34
23 3 34
31 3 34
56 3 34
57 3 34
58 3 34
59 3 34
7 3 35
15 3 35
23 3 35
31 3 35
56 3 35
57 3 35
58 3 35
59 3 35
7 3 36
15 3 36
23 3 36
31 3 36
56 3 36
57 3 36
58 3 36
59 3 36
7 3 37
15 3 37
23 3 37
31 3 37
56 3 37
57 3 37
58 3 37
59 3 37
7 3 38
15 3 38
23 3 38
31 3 38
56 3 38
57 3 38
58 3 38
59 3 38
7 3 39
15 3 39
23 3 39
31 3 39
56 3 39
57 3 39
58 3 39
59 3 39
7 3 40
15 3 40
23 3 40
31 3 40
56 3 40
57 3 40
58 3 40
59 3 40
7 3 41
15 3 41
23 3 41
31 3 41
56 3 41
57 3 41
58 3 41
59 3 41
7 3 42
15 3 42
23 3 42
31 3 42
56 3 42
57 3 42
58 3 42
59 3 42
7 3 43
15 3 43
23 3 43
31 3 43
56 3 43
57 3 43
58 3 43
59 3 43
7 3 44
15 3 44
23 3 44
31 3 44
56 3 44
57 3 44
58 3 44
59 3 44
7 3 45
15 3 45
23 3 45
31 3 45
56 3 45
57 3 45
58 3 45
59 3 45
7 3 46
15 3 46
23 3 46
31 3 46
56 3 46
57 3 46
58 3 46
59 3 46
7 3 47
15 3 47
23 3 47
31 3 47
56 3 47
57 3 47
58 3 47
59 3 47
7 3 48
15 3 48
23 3 48
31 3 48
56 3 48
57 3 48
58 3 48
59 3 48
7 4 49
15 4 49
23 4 49
31 4 49
56 4 49
57 4 49
58 4 49
59 4 49
7 4 50
15 4 50
23 4 50
31 4 50
56 4 50
57 4 50
58 4 50
59 4 50
7 4 51
15 4 51
23 4 51
31 4 51
56 4 51
57 4 51
58 4 51
59 4 51
7 4 52
15 4 52
23 4 52
31 4 52
56 4 52
57 4 52
58 4 52
59 4 52
7 4 53
15 4 53
23 4 53
31 4 53
56 4 53
57 4 53
58 4 53
59 4 53
7 4 54
15 4 54
23 4 54
31 4 54
56 4 54
57 4 54
58 4 54
59 4 54
7 4 55
15 4 55
23 4 55
31 4 55
56 4 55
57 4 55
58 4 55
59 4 55
7 4 56
15 4 56
23 4 56
31 4 56
56 4 56
57 4 56
58 4 56
59 4 56
7 4 57
15 4 57
23 4 57
31 4 57
56 4 57
57 4 57
58 4 57
59 4 57
7 4 58
15 4 58
23 4 58
31 4 58
56 4 58
57 4 58
58 4 58
59 4 58
7 4 59
15 4 59
23 4 59
31 4 59
56 4 59
57 4 59
58 4 59
59 4 59
7 4 60
15 4 60
23 4 60
31 4 60
56 4 60
57 4 60
58 4 60
59 4 60
7 4 61
15 4 61
23 4 61
31 4 61
56 4 61
57 4 61
58 4 61
59 4 61
7 4 62
15 4 62
23 4 62
31 4 62
56 4 62
57 4 62
58 4 62
59 4 62
7 4 63
15 4 63
23 4 63
31 4 63
56 4 63
57 4 63
58 4 63
59 4 63
7 4 64
15 4 64
23 4 64
31 4 64
56 4 64
57 4 64
58 4 64
59 4 64
7 4 65
15 4 65
23 4 65
31 4 65
56 4 65
57 4 65
58 4 65
59 4 65
7 4 66
15 4 66
23 4 66
31 4 66
56 4 66
57 4 66
58 4 66
59 4 66
7 4 67
15 4 67
23 4 67
31 4 67
56 4 67
57 4 67
58 4 67
59 4 67
7 4 68
15 4 68
23 4 68
31 4 68
56 4 68
57 4 68
58 4 68
59 4 68
7 4 69
15 4 69
23 4 69
31 4 69
56 4 69
57 4 69
58 4 69
59 4 69
7 4 70
15 4 70
23 4 70
31 4 70
56 4 70
57 4 70
58 4 70
59 4 70
7 4 71
15 4 71
23 4 71
31 4 71
56 4 71
57 4 71
58 4 71
59 4 71
7 4 72
15 4 72
23 4 72
31 4 72
56 4 72
57 4 72
58 4 72
59 4 72
7 4 73
15 4 73
23 4 73
31 4 73
56 4 73
57 4 73
58 4 73
59 4 73
7 4 74
15 4 74
23 4 74
31 4 74
56 4 74
57 4 74
58 4 74
59 4 74
7 4 75
15 4 75
23 4 75
31 4 75
56 4 75
57 4 75
58 4 75
59 4 75
7 4 76
15 4 76
23 4 76
31 4 76
56 4 76
57 4 76
58 4 76
59 4 76
7 4 77
15 4 77
23 4 77
31 4 77
56 4 77
57 4 77
58 4 77
59 4 77
7 4 78
15 4 78
23 4 78
31 4 78
56 4 78
57 4 78
58 4 78
59 4 78
7 4 79
15 4 79
23 4 79
31 4 79
56 4 79
57 4 79
58 4 79
59 4 79
7 4 80
15 4 80
23 4 80
31 4 80
56 4 80
57 4 80
58 4 80
59 4 80
7 4 81
15 4 81
23 4 81
31 4 81
56 4 81
57 4 81
58 4 81
59 4 81
7 4 82
15 4 82
23 4 82
31 4 82
56 4 82
57 4 82
58 4 82
59 4 82
7 4 83
15 4 83
23 4 83
31 4 83
56 4 83
57 4 83
58 4 83
59 4 83
7 4 84
15 4 84
23 4 84
31 4 84
56 4 84
57 4 84
58 4 84
59 4 84
7 4 85
15 4 85
23 4 85
31 4 85
56 4 85
57 4 85
58 4 85
59 4 85
7 4 86
15 4 86
23 4 86
31 4 86
56 4 86
57 4 86
58 4 86
59 4 86
7 4 87
15 4 87
23 4 87
31 4 87
56 4 87
57 4 87
58 4 87
59 4 87
7 4 88
15 4 88
23 4 88
31 4 88
56 4 88
57 4 88
58 4 88
59 4 88
7 4 89
15 4 89
23 4 89
31 4 89
56 4 89
57 4 89
58 4 89
59 4 89
7 4 90
15 4 90
23 4 90
31 4 90
56 4 90
57 4 90
58 4 90
59 4 90
7 4 91
15 4 91
23 4 91
31 4 91
56 4 91
57 4 91
58 4 91
59 4 91
7 4 92
15 4 92
23 4 92
31 4 92
56 4 92
57 4 92
58 4 92
59 4 92
7 4 93
15 4 93
23 4 93
31 4 93
56 4 93
57 4 93
58 4 93
59 4 93
7 4 94
15 4 94
23 4 94
31 4 94
56 4 94
57 4 94
58 4 94
59 4 94
7 4 95
15 4 95
23 4 95
31 4 95
56 4 95
57 4 95
58 4 95
59 4 95
7 4 96
15 4 96
23 4 96
31 4 96
56 4 96
57 4 96
58 4 96
59 4 96
7 5 97
15 5 97
23 5 97
31 5 97
56 5 97
57 5 97
58 5 97
59 5 97
7 5 98
15 5 98
23 5 98
31 5 98
56 5 98
57 5 98
58 5 98
59 5 98
7 5 99
15 5 99
23 5 99
31 5 99
56 5 99
57 5 99
58 5 99
59 5 99
7 5 100
15 5 100
23 5 100
31 5 100
56 5 100
57 5 100
58 5 100
59 5 100
7 5 101
15 5 101
23 5 101
31 5 101
56 5 101
57 5 101
58 5 101
59 5 101
7 5 102
15 5 102
23 5 102
31 5 102
56 5 102
57 5 102
58 5 102
59 5 102
7 5 103
15 5 103
23 5 103
31 5 103
56 5 103
57 5 103
58 5 103
59 5 103
7 5 104
15 5 104
23 5 104
31 5 104
56 5 104
57 5 104
58 5 104
59 5 104
7 5 105
15 5 105
23 5 105
31 5 105
56 5 105
57 5 105
58 5 105
59 5 105
7 5 106
15 5 106
23 5 106
31 5 106
56 5 106
57 5 106
58 5 106
59 5 106
7 5 107
15 5 107
23 5 107
31 5 107
56 5 107
57 5 107
58 5 107
59 5 107
7 5 108
15 5 108
23 5 108
31 5 108
56 5 108
57 5 108
58 5 108
59 5 108
7 5 109
15 5 109
23 5 109
31 5 109
56 5 109
57 5 109
58 5 109
59 5 109
7 5 110
15 5 110
23 5 110
31 5 110
56 5 110
57 5 110
58 5 110
59 5 110
7 5 111
15 5 111
23 5 111
31 5 111
56 5 111
57 5 111
58 5 111
59 5 111
7 5 112
15 5 112
23 5 112
31 5 112
56 5 112
57 5 112
58 5 112
59 5 112
7 5 113
15 5 113
23 5 113
31 5 113
56 5 113
57 5 113
58 5 113
59 5 113
7 5 114
15 5 114
23 5 114
31 5 114
56 5 114
57 5 114
58 5 114
59 5 114
7 5 115
15 5 115
23 5 115
31 5 115
56 5 115
57 5 115
58 5 115
59 5 115
7 5 116
15 5 116
23 5 116
31 5 116
56 5 116
57 5 116
58 5 116
59 5 116
7 5 117
15 5 117
23 5 117
31 5 117
56 5 117
57 5 117
58 5 117
59 5 117
7 5 118
15 5 118
23 5 118
31 5 118
56 5 118
57 5 118
58 5 118
59 5 118
7 5 119
15 5 119
23 5 119
31 5 119
56 5 119
57 5 119
58 5 119
59 5 119
7 5 120
15 5 120
23 5 120
31 5 120
56 5 120
57 5 120
58 5 120
59 5 120
7 5 121
15 5 121
23 5 121
31 5 121
56 5 121
57 5 121
58 5 121
59 5 121
7 5 122
15 5 122
23 5 122
31 5 122
56 5 122
57 5 122
58 5 122
59 5 122
7 5 123
15 5 123
23 5 123
31 5 123
56 5 123
57 5 123
58 5 123
59 5 123
7 5 124
15 5 124
23 5 124
31 5 124
56 5 124
57 5 124
58 5 124
59 5 124
7 5 125
15 5 125
23 5 125
31 5 125
56 5 125
57 5 125
58 5 125
59 5 125
7 5 126
15 5 126
23 5 126
31 5 126
56 5 126
57 5 126
58 5 126
59 5 126
7 5 127
15 5 127
23 5 127
31 5 127
56 5 127
57 5 127
58 5 127
59 5 127
7 5 128
15 5 128
23 5 128
31 5 128
56 5 128
57 5 128
58 5 128
59 5 128
7 5 129
15 5 129
23 5 129
31 5 129
56 5 129
57 5 129
58 5 129
59 5 129
7 5 130
15 5 130
23 5 130
31 5 130
56 5 130
57 5 130
58 5 130
59 5 130
7 5 131
15 5 131
23 5 131
31 5 131
56 5 131
57 5 131
58 5 131
59 5 131
7 5 132
15 5 132
23 5 132
31 5 132
56 5 132
57 5 132
58 5 132
59 5 132
7 5 133
15 5 133
23 5 133
31 5 133
56 5 133
57 5 133
58 5 133
59 5 133
7 5 134
15 5 134
23 5 134
31 5 134
56 5 134
57 5 134
58 5 134
59 5 134
7 5 135
15 5 135
23 5 135
31 5 135
56 5 135
57 5 135
58 5 135
59 5 135
7 5 136
15 5 136
23 5 136
31 5 136
56 5 136
57 5 136
58 5 136
59 5 136
7 5 137
15 5 137
23 5 137
31 5 137
56 5 137
57 5 137
58 5 137
59 5 137
7 5 138
15 5 138
23 5 138
31 5 138
56 5 138
57 5 138
58 5 138
59 5 138
7 5 139
15 5 139
23 5 139
31 5 139
56 5 139
57 5 139
58 5 139
59 5 139
7 5 140
15 5 140
23 5 140
31 5 140
56 5 140
57 5 140
58 5 140
59 5 140
7 5 141
15 5 141
23 5 141
31 5 141
56 5 141
57 5 141
58 5 141
59 5 141
7 5 142
15 5 142
23 5 142
31 5 142
56 5 142
57 5 142
58 5 142
59 5 142
7 5 143
15 5 143
23 5 143
31 5 143
56 5 143
57 5 143
58 5 143
59 5 143
7 5 144
15 5 144
23 5 144
31 5 144
56 5 144
57 5 144
58 5 144
59 5 144
7 6 145
15 6 145
23 6 145
31 6 145
56 6 145
57 6 145
58 6 145
59 6 145
7 6 146
15 6 146
23 6 146
31 6 146
56 6 146
57 6 146
58 6 146
59 6 146
7 6 147
15 6 147
23 6 147
31 6 147
56 6 147
57 6 147
58 6 147
59 6 147
7 6 148
15 6 148
23 6 148
31 6 148
56 6 148
57 6 148
58 6 148
59 6 148
7 6 149
15 6 149
23 6 149
31 6 149
56 6 149
57 6 149
58 6 149
59 6 149
7 6 150
15 6 150
23 6 150
31 6 150
56 6 150
57 6 150
58 6 150
59 6 150
7 6 151
15 6 151
23 6 151
31 6 151
56 6 151
57 6 151
58 6 151
59 6 151
7 6 152
15 6 152
23 6 152
31 6 152
56 6 152
57 6 152
58 6 152
59 6 152
7 6 153
15 6 153
23 6 153
31 6 153
56 6 153
57 6 153
58 6 153
59 6 153
7 6 154
15 6 154
23 6 154
31 6 154
56 6 154
57 6 154
58 6 154
59 6 154
7 6 155
15 6 155
23 6 155
31 6 155
56 6 155
57 6 155
58 6 155
59 6 155
7 6 156
15 6 156
23 6 156
31 6 156
56 6 156
57 6 156
58 6 156
59 6 156
7 6 157
15 6 157
23 6 157
31 6 157
56 6 157
57 6 157
58 6 157
59 6 157
7 6 158
15 6 158
23 6 158
31 6 158
56 6 158
57 6 158
58 6 158
59 6 158
7 6 159
15 6 159
23 6 159
31 6 159
56 6 159
57 6 159
58 6 159
59 6 159
7 6 160
15 6 160
23 6 160
31 6 160
56 6 160
57 6 160
58 6 160
59 6 160
7 6 161
15 6 161
23 6 161
31 6 161
56 6 161
57 6 161
58 6 161
59 6 161
7 6 162
15 6 162
23 6 162
31 6 162
56 6 162
57 6 162
58 6 162
59 6 162
7 6 163
15 6 163
23 6 163
31 6 163
56 6 163
57 6 163
58 6 163
59 6 163
7 6 164
15 6 164
23 6 164
31 6 164
56 6 164
57 6 164
58 6 164
59 6 164
7 6 165
15 6 165
23 6 165
31 6 165
56 6 165
57 6 165
58 6 165
59 6 165
7 6 166
15 6 166
23 6 166
31 6 166
56 6 166
57 6 166
58 6 166
59 6 166
7 6 167
15 6 167
23 6 167
31 6 167
56 6 167
57 6 167
58 6 167
59 6 167
7 6 168
15 6 168
23 6 168
31 6 168
56 6 168
57 6 168
58 6 168
59 6 168
7 6 169
15 6 169
23 6 169
31 6 169
56 6 169
57 6 169
58 6 169
59 6 169
7 6 170
15 6 170
23 6 170
31 6 170
56 6 170
57 6 170
58 6 170
59 6 170
7 6 171
15 6 171
23 6 171
31 6 171
56 6 171
57 6 171
58 6 171
59 6 171
7 6 172
15 6 172
23 6 172
31 6 172
56 6 172
57 6 172
58 6 172
59 6 172
7 6 173
15 6 173
23 6 173
31 6 173
56 6 173
57 6 173
58 6 173
59 6 173
7 6 174
15 6 174
23 6 174
31 6 174
56 6 174
57 6 174
58 6 174
59 6 174
7 6 175
15 6 175
23 6 175
31 6 175
56 6 175
57 6 175
58 6 175
59 6 175
7 6 176
15 6 176
23 6 176
31 6 176
56 6 176
57 6 176
58 6 176
59 6 176
7 6 177
15 6 177
23 6 177
31 6 177
56 6 177
57 6 177
58 6 177
59 6 177
7 6 178
15 6 178
23 6 178
31 6 178
56 6 178
57 6 178
58 6 178
59 6 178
7 6 179
15 6 179
23 6 179
31 6 179
56 6 179
57 6 179
58 6 179
59 6 179
7 6 180
15 6 180
23 6 180
31 6 180
56 6 180
57 6 180
58 6 180
59 6 180
7 6 181
15 6 181
23 6 181
31 6 181
56 6 181
57 6 181
58 6 181
59 6 181
7 6 182
15 6 182
23 6 182
31 6 182
56 6 182
57 6 182
58 6 182
59 6 182
7 6 183
15 6 183
23 6 183
31 6 183
56 6 183
57 6 183
58 6 183
59 6 183
7 6 184
15 6 184
23 6 184
31 6 184
56 6 184
57 6 184
58 6 184
59 6 184
7 6 185
15 6 185
23 6 185
31 6 185
56 6 185
57 6 185
58 6 185
59 6 185
7 6 186
15 6 186
23 6 186
31 6 186
56 6 186
57 6 186
58 6 186
59 6 186
7 6 187
15 6 187
23 6 187
31 6 187
56 6 187
57 6 187
58 6 187
59 6 187
7 6 188
15 6 188
23 6 188
31 6 188
56 6 188
57 6 188
58 6 188
59 6 188
7 6 189
15 6 189
23 6 189
31 6 189
56 6 189
57 6 189
58 6 189
59 6 189
7 6 190
15 6 190
23 6 190
31 6 190
56 6 190
57 6 190
58 6 190
59 6 190
7 6 191
15 6 191
23 6 191
31 6 191
56 6 191
57 6 191
58 6 191
59 6 191
7 6 192
15 6 192
23 6 192
31 6 192
56 6 192
57 6 192
58 6 192
59 6 192
7 24 193
15 24 193
23 24 193
31 24 193
56 24 193
57 24 193
58 24 193
59 24 193
7 24 194
15 24 194
23 24 194
31 24 194
56 24 194
57 24 194
58 24 194
59 24 194
7 24 195
15 24 195
23 24 195
31 24 195
56 24 195
57 24 195
58 24 195
59 24 195
7 24 196
15 24 196
23 24 196
31 24 196
56 24 196
57 24 196
58 24 196
59 24 196
7 24 197
15 24 197
23 24 197
31 24 197
56 24 197
57 24 197
58 24 197
59 24 197
7 24 198
15 24 198
23 24 198
31 24 198
56 24 198
57 24 198
58 24 198
59 24 198
7 24 199
15 24 199
23 24 199
31 24 199
56 24 199
57 24 199
58 24 199
59 24 199
7 24 200
15 24 200
23 24 200
31 24 200
56 24 200
57 24 200
58 24 200
59 24 200
7 24 201
15 24 201
23 24 201
31 24 201
56 24 201
57 24 201
58 24 201
59 24 201
7 24 202
15 24 202
23 24 202
31 24 202
56 24 202
57 24 202
58 24 202
59 24 202
7 24 203
15 24 203
23 24 203
31 24 203
56 24 203
57 24 203
58 24 203
59 24 203
7 24 204
15 24 204
23 24 204
31 24 204
56 24 204
57 24 204
58 24 204
59 24 204
7 24 205
15 24 205
23 24 205
31 24 205
56 24 205
57 24 205
58 24 205
59 24 205
7 24 206
15 24 206
23 24 206
31 24 206
56 24 206
57 24 206
58 24 206
59 24 206
7 24 207
15 24 207
23 24 207
31 24 207
56 24 207
57 24 207
58 24 207
59 24 207
7 24 208
15 24 208
23 24 208
31 24 208
56 24 208
57 24 208
58 24 208
59 24 208
7 24 209
15 24 209
23 24 209
31 24 209
56 24 209
57 24 209
58 24 209
59 24 209
7 24 210
15 24 210
23 24 210
31 24 210
56 24 210
57 24 210
58 24 210
59 24 210
7 24 211
15 24 211
23 24 211
31 24 211
56 24 211
57 24 211
58 24 211
59 24 211
7 24 212
15 24 212
23 24 212
31 24 212
56 24 212
57 24 212
58 24 212
59 24 212
7 24 213
15 24 213
23 24 213
31 24 213
56 24 213
57 24 213
58 24 213
59 24 213
7 24 214
15 24 214
23 24 214
31 24 214
56 24 214
57 24 214
58 24 214
59 24 214
7 24 215
15 24 215
23 24 215
31 24 215
56 24 215
57 24 215
58 24 215
59 24 215
7 24 216
15 24 216
23 24 216
31 24 216
56 24 216
57 24 216
58 24 216
59 24 216
7 24 217
15 24 217
23 24 217
31 24 217
56 24 217
57 24 217
58 24 217
59 24 217
7 24 218
15 24 218
23 24 218
31 24 218
56 24 218
57 24 218
58 24 218
59 24 218
7 24 219
15 24 219
23 24 219
31 24 219
56 24 219
57 24 219
58 24 219
59 24 219
7 24 220
15 24 220
23 24 220
31 24 220
56 24 220
57 24 220
58 24 220
59 24 220
7 24 221
15 24 221
23 24 221
31 24 221
56 24 221
57 24 221
58 24 221
59 24 221
7 24 222
15 24 222
23 24 222
31 24 222
56 24 222
57 24 222
58 24 222
59 24 222
7 24 223
15 24 223
23 24 223
31 24 223
56 24 223
57 24 223
58 24 223
59 24 223
7 24 224
15 24 224
23 24 224
31 24 224
56 24 224
57 24 224
58 24 224
59 24 224
7 24 225
15 24 225
23 24 225
31 24 225
56 24 225
57 24 225
58 24 225
59 24 225
7 24 226
15 24 226
23 24 226
31 24 226
56 24 226
57 24 226
58 24 226
59 24 226
7 24 227
15 24 227
23 24 227
31 24 227
56 24 227
57 24 227
58 24 227
59 24 227
7 24 228
15 24 228
23 24 228
31 24 228
56 24 228
57 24 228
58 24 228
59 24 228
7 24 229
15 24 229
23 24 229
31 24 229
56 24 229
57 24 229
58 24 229
59 24 229
7 24 230
15 24 230
23 24 230
31 24 230
56 24 230
57 24 230
58 24 230
59 24 230
7 24 231
15 24 231
23 24 231
31 24 231
56 24 231
57 24 231
58 24 231
59 24 231
7 24 232
15 24 232
23 24 232
31 24 232
56 24 232
57 24 232
58 24 232
59 24 232
7 24 233
15 24 233
23 24 233
31 24 233
56 24 233
57 24 233
58 24 233
59 24 233
7 24 234
15 24 234
23 24 234
31 24 234
56 24 234
57 24 234
58 24 234
59 24 234
7 24 235
15 24 235
23 24 235
31 24 235
56 24 235
57 24 235
58 24 235
59 24 235
7 24 236
15 24 236
23 24 236
31 24 236
56 24 236
57 24 236
58 24 236
59 24 236
7 24 237
15 24 237
23 24 237
31 24 237
56 24 237
57 24 237
58 24 237
59 24 237
7 24 238
15 24 238
23 24 238
31 24 238
56 24 238
57 24 238
58 24 238
59 24 238
7 24 239
15 24 239
23 24 239
31 24 239
56 24 239
57 24 239
58 24 239
59 24 239
7 24 240
15 24 240
23 24 240
31 24 240
56 24 240
57 24 240
58 24 240
59 24 240
7 32 241
15 32 241
23 32 241
31 32 241
56 32 241
57 32 241
58 32 241
59 32 241
7 32 242
15 32 242
23 32 242
31 32 242
56 32 242
57 32 242
58 32 242
59 32 242
7 32 243
15 32 243
23 32 243
31 32 243
56 32 243
57 32 243
58 32 243
59 32 243
7 32 244
15 32 244
23 32 244
31 32 244
56 32 244
57 32 244
58 32 244
59 32 244
7 32 245
15 32 245
23 32 245
31 32 245
56 32 245
57 32 245
58 32 245
59 32 245
7 32 246
15 32 246
23 32 246
31 32 246
56 32 246
57 32 246
58 32 246
59 32 246
7 32 247
15 32 247
23 32 247
31 32 247
56 32 247
57 32 247
58 32 247
59 32 247
7 32 248
15 32 248
23 32 248
31 32 248
56 32 248
57 32 248
58 32 248
59 32 248
7 32 249
15 32 249
23 32 249
31 32 249
56 32 249
57 32 249
58 32 249
59 32 249
7 32 250
15 32 250
23 32 250
31 32 250
56 32 250
57 32 250
58 32 250
59 32 250
7 32 251
15 32 251
23 32 251
31 32 251
56 32 251
57 32 251
58 32 251
59 32 251
7 32 252
15 32 252
23 32 252
31 32 252
56 32 252
57 32 252
58 32 252
59 32 252
7 32 253
15 32 253
23 32 253
31 32 253
56 32 253
57 32 253
58 32 253
59 32 253
7 32 254
15 32 254
23 32 254
31 32 254
56 32 254
57 32 254
58 32 254
59 32 254
7 32 255
15 32 255
23 32 255
31 32 255
56 32 255
57 32 255
58 32 255
59 32 255
7 32 256
15 32 256
23 32 256
31 32 256
56 32 256
57 32 256
58 32 256
59 32 256
7 32 257
15 32 257
23 32 257
31 32 257
56 32 257
57 32 257
58 32 257
59 32 257
7 32 258
15 32 258
23 32 258
31 32 258
56 32 258
57 32 258
58 32 258
59 32 258
7 32 259
15 32 259
23 32 259
31 32 259
56 32 259
57 32 259
58 32 259
59 32 259
7 32 260
15 32 260
23 32 260
31 32 260
56 32 260
57 32 260
58 32 260
59 32 260
7 32 261
15 32 261
23 32 261
31 32 261
56 32 261
57 32 261
58 32 261
59 32 261
7 32 262
15 32 262
23 32 262
31 32 262
56 32 262
57 32 262
58 32 262
59 32 262
7 32 263
15 32 263
23 32 263
31 32 263
56 32 263
57 32 263
58 32 263
59 32 263
7 32 264
15 32 264
23 32 264
31 32 264
56 32 264
57 32 264
58 32 264
59 32 264
7 32 265
15 32 265
23 32 265
31 32 265
56 32 265
57 32 265
58 32 265
59 32 265
7 32 266
15 32 266
23 32 266
31 32 266
56 32 266
57 32 266
58 32 266
59 32 266
7 32 267
15 32 267
23 32 267
31 32 267
56 32 267
57 32 267
58 32 267
59 32 267
7 32 268
15 32 268
23 32 268
31 32 268
56 32 268
57 32 268
58 32 268
59 32 268
7 32 269
15 32 269
23 32 269
31 32 269
56 32 269
57 32 269
58 32 269
59 32 269
7 32 270
15 32 270
23 32 270
31 32 270
56 32 270
57 32 270
58 32 270
59 32 270
7 32 271
15 32 271
23 32 271
31 32 271
56 32 271
57 32 271
58 32 271
59 32 271
7 32 272
15 32 272
23 32 272
31 32 272
56 32 272
57 32 272
58 32 272
59 32 272
7 32 273
15 32 273
23 32 273
31 32 273
56 32 273
57 32 273
58 32 273
59 32 273
7 32 274
15 32 274
23 32 274
31 32 274
56 32 274
57 32 274
58 32 274
59 32 274
7 32 275
15 32 275
23 32 275
31 32 275
56 32 275
57 32 275
58 32 275
59 32 275
7 32 276
15 32 276
23 32 276
31 32 276
56 32 276
57 32 276
58 32 276
59 32 276
7 32 277
15 32 277
23 32 277
31 32 277
56 32 277
57 32 277
58 32 277
59 32 277
7 32 278
15 32 278
23 32 278
31 32 278
56 32 278
57 32 278
58 32 278
59 32 278
7 32 279
15 32 279
23 32 279
31 32 279
56 32 279
57 32 279
58 32 279
59 32 279
7 32 280
15 32 280
23 32 280
31 32 280
56 32 280
57 32 280
58 32 280
59 32 280
7 32 281
15 32 281
23 32 281
31 32 281
56 32 281
57 32 281
58 32 281
59 32 281
7 32 282
15 32 282
23 32 282
31 32 282
56 32 282
57 32 282
58 32 282
59 32 282
7 32 283
15 32 283
23 32 283
31 32 283
56 32 283
57 32 283
58 32 283
59 32 283
7 32 284
15 32 284
23 32 284
31 32 284
56 32 284
57 32 284
58 32 284
59 32 284
7 32 285
15 32 285
23 32 285
31 32 285
56 32 285
57 32 285
58 32 285
59 32 285
7 32 286
15 32 286
23 32 286
31 32 286
56 32 286
57 32 286
58 32 286
59 32 286
7 32 287
15 32 287
23 32 287
31 32 287
56 32 287
57 32 287
58 32 287
59 32 287
7 32 288
15 32 288
23 32 288
31 32 288
56 32 288
57 32 288
58 32 288
59 32 288
7 40 289
15 40 289
23 40 289
31 40 289
56 40 289
57 40 289
58 40 289
59 40 289
7 40 290
15 40 290
23 40 290
31 40 290
56 40 290
57 40 290
58 40 290
59 40 290
7 40 291
15 40 291
23 40 291
31 40 291
56 40 291
57 40 291
58 40 291
59 40 291
7 40 292
15 40 292
23 40 292
31 40 292
56 40 292
57 40 292
58 40 292
59 40 292
7 40 293
15 40 293
23 40 293
31 40 293
56 40 293
57 40 293
58 40 293
59 40 293
7 40 294
15 40 294
23 40 294
31 40 294
56 40 294
57 40 294
58 40 294
59 40 294
7 40 295
15 40 295
23 40 295
31 40 295
56 40 295
57 40 295
58 40 295
59 40 295
7 40 296
15 40 296
23 40 296
31 40 296
56 40 296
57 40 296
58 40 296
59 40 296
7 40 297
15 40 297
23 40 297
31 40 297
56 40 297
57 40 297
58 40 297
59 40 297
7 40 298
15 40 298
23 40 298
31 40 298
56 40 298
57 40 298
58 40 298
59 40 298
7 40 299
15 40 299
23 40 299
31 40 299
56 40 299
57 40 299
58 40 299
59 40 299
7 40 300
15 40 300
23 40 300
31 40 300
56 40 300
57 40 300
58 40 300
59 40 300
7 40 301
15 40 301
23 40 301
31 40 301
56 40 301
57 40 301
58 40 301
59 40 301
7 40 302
15 40 302
23 40 302
31 40 302
56 40 302
57 40 302
58 40 302
59 40 302
7 40 303
15 40 303
23 40 303
31 40 303
56 40 303
57 40 303
58 40 303
59 40 303
7 40 304
15 40 304
23 40 304
31 40 304
56 40 304
57 40 304
58 40 304
59 40 304
7 40 305
15 40 305
23 40 305
31 40 305
56 40 305
57 40 305
58 40 305
59 40 305
7 40 306
15 40 306
23 40 306
31 40 306
56 40 306
57 40 306
58 40 306
59 40 306
7 40 307
15 40 307
23 40 307
31 40 307
56 40 307
57 40 307
58 40 307
59 40 307
7 40 308
15 40 308
23 40 308
31 40 308
56 40 308
57 40 308
58 40 308
59 40 308
7 40 309
15 40 309
23 40 309
31 40 309
56 40 309
57 40 309
58 40 309
59 40 309
7 40 310
15 40 310
23 40 310
31 40 310
56 40 310
57 40 310
58 40 310
59 40 310
7 40 311
15 40 311
23 40 311
31 40 311
56 40 311
57 40 311
58 40 311
59 40 311
7 40 312
15 40 312
23 40 312
31 40 312
56 40 312
57 40 312
58 40 312
59 40 312
7 40 313
15 40 313
23 40 313
31 40 313
56 40 313
57 40 313
58 40 313
59 40 313
7 40 314
15 40 314
23 40 314
31 40 314
56 40 314
57 40 314
58 40 314
59 40 314
7 40 315
15 40 315
23 40 315
31 40 315
56 40 315
57 40 315
58 40 315
59 40 315
7 40 316
15 40 316
23 40 316
31 40 316
56 40 316
57 40 316
58 40 316
59 40 316
7 40 317
15 40 317
23 40 317
31 40 317
56 40 317
57 40 317
58 40 317
59 40 317
7 40 318
15 40 318
23 40 318
31 40 318
56 40 318
57 40 318
58 40 318
59 40 318
7 40 319
15 40 319
23 40 319
31 40 319
56 40 319
57 40 319
58 40 319
59 40 319
7 40 320
15 40 320
23 40 320
31 40 320
56 40 320
57 40 320
58 40 320
59 40 320
7 40 321
15 40 321
23 40 321
31 40 321
56 40 321
57 40 321
58 40 321
59 40 321
7 40 322
15 40 322
23 40 322
31 40 322
56 40 322
57 40 322
58 40 322
59 40 322
7 40 323
15 40 323
23 40 323
31 40 323
56 40 323
57 40 323
58 40 323
59 40 323
7 40 324
15 40 324
23 40 324
31 40 324
56 40 324
57 40 324
58 40 324
59 40 324
7 40 325
15 40 325
23 40 325
31 40 325
56 40 325
57 40 325
58 40 325
59 40 325
7 40 326
15 40 326
23 40 326
31 40 326
56 40 326
57 40 326
58 40 326
59 40 326
7 40 327
15 40 327
23 40 327
31 40 327
56 40 327
57 40 327
58 40 327
59 40 327
7 40 328
15 40 328
23 40 328
31 40 328
56 40 328
57 40 328
58 40 328
59 40 328
7 40 329
15 40 329
23 40 329
31 40 329
56 40 329
57 40 329
58 40 329
59 40 329
7 40 330
15 40 330
23 40 330
31 40 330
56 40 330
57 40 330
58 40 330
59 40 330
7 40 331
15 40 331
23 40 331
31 40 331
56 40 331
57 40 331
58 40 331
59 40 331
7 40 332
15 40 332
23 40 332
31 40 332
56 40 332
57 40 332
58 40 332
59 40 332
7 40 333
15 40 333
23 40 333
31 40 333
56 40 333
57 40 333
58 40 333
59 40 333
7 40 334
15 40 334
23 40 334
31 40 334
56 40 334
57 40 334
58 40 334
59 40 334
7 40 335
15 40 335
23 40 335
31 40 335
56 40 335
57 40 335
58 40 335
59 40 335
7 40 336
15 40 336
23 40 336
31 40 336
56 40 336
57 40 336
58 40 336
59 40 336
7 48 337
15 48 337
23 48 337
31 48 337
56 48 337
57 48 337
58 48 337
59 48 337
7 48 338
15 48 338
23 48 338
31 48 338
56 48 338
57 48 338
58 48 338
59 48 338
7 48 339
15 48 339
23 48 339
31 48 339
56 48 339
57 48 339
58 48 339
59 48 339
7 48 340
15 48 340
23 48 340
31 48 340
56 48 340
57 48 340
58 48 340
59 48 340
7 48 341
15 48 341
23 48 341
31 48 341
56 48 341
57 48 341
58 48 341
59 48 341
7 48 342
15 48 342
23 48 342
31 48 342
56 48 342
57 48 342
58 48 342
59 48 342
7 48 343
15 48 343
23 48 343
31 48 343
56 48 343
57 48 343
58 48 343
59 48 343
7 48 344
15 48 344
23 48 344
31 48 344
56 48 344
57 48 344
58 48 344
59 48 344
7 48 345
15 48 345
23 48 345
31 48 345
56 48 345
57 48 345
58 48 345
59 48 345
7 48 346
15 48 346
23 48 346
31 48 346
56 48 346
57 48 346
58 48 346
59 48 346
7 48 347
15 48 347
23 48 347
31 48 347
56 48 347
57 48 347
58 48 347
59 48 347
7 48 348
15 48 348
23 48 348
31 48 348
56 48 348
57 48 348
58 48 348
59 48 348
7 48 349
15 48 349
23 48 349
31 48 349
56 48 349
57 48 349
58 48 349
59 48 349
7 48 350
15 48 350
23 48 350
31 48 350
56 48 350
57 48 350
58 48 350
59 48 350
7 48 351
15 48 351
23 48 351
31 48 351
56 48 351
57 48 351
58 48 351
59 48 351
7 48 352
15 48 352
23 48 352
31 48 352
56 48 352
57 48 352
58 48 352
59 48 352
7 48 353
15 48 353
23 48 353
31 48 353
56 48 353
57 48 353
58 48 353
59 48 353
7 48 354
15 48 354
23 48 354
31 48 354
56 48 354
57 48 354
58 48 354
59 48 354
7 48 355
15 48 355
23 48 355
31 48 355
56 48 355
57 48 355
58 48 355
59 48 355
7 48 356
15 48 356
23 48 356
31 48 356
56 48 356
57 48 356
58 48 356
59 48 356
7 48 357
15 48 357
23 48 357
31 48 357
56 48 357
57 48 357
58 48 357
59 48 357
7 48 358
15 48 358
23 48 358
31 48 358
56 48 358
57 48 358
58 48 358
59 48 358
7 48 359
15 48 359
23 48 359
31 48 359
56 48 359
57 48 359
58 48 359
59 48 359
7 48 360
15 48 360
23 48 360
31 48 360
56 48 360
57 48 360
58 48 360
59 48 360
7 48 361
15 48 361
23 48 361
31 48 361
56 48 361
57 48 361
58 48 361
59 48 361
7 48 362
15 48 362
23 48 362
31 48 362
56 48 362
57 48 362
58 48 362
59 48 362
7 48 363
15 48 363
23 48 363
31 48 363
56 48 363
57 48 363
58 48 363
59 48 363
7 48 364
15 48 364
23 48 364
31 48 364
56 48 364
57 48 364
58 48 364
59 48 364
7 48 365
15 48 365
23 48 365
31 48 365
56 48 365
57 48 365
58 48 365
59 48 365
7 48 366
15 48 366
23 48 366
31 48 366
56 48 366
57 48 366
58 48 366
59 48 366
7 48 367
15 48 367
23 48 367
31 48 367
56 48 367
57 48 367
58 48 367
59 48 367
7 48 368
15 48 368
23 48 368
31 48 368
56 48 368
57 48 368
58 48 368
59 48 368
7 48 369
15 48 369
23 48 369
31 48 369
56 48 369
57 48 369
58 48 369
59 48 369
7 48 370
15 48 370
23 48 370
31 48 370
56 48 370
57 48 370
58 48 370
59 48 370
7 48 371
15 48 371
23 48 371
31 48 371
56 48 371
57 48 371
58 48 371
59 48 371
7 48 372
15 48 372
23 48 372
31 48 372
56 48 372
57 48 372
58 48 372
59 48 372
7 48 373
15 48 373
23 48 373
31 48 373
56 48 373
57 48 373
58 48 373
59 48 373
7 48 374
15 48 374
23 48 374
31 48 374
56 48 374
57 48 374
58 48 374
59 48 374
7 48 375
15 48 375
23 48 375
31 48 375
56 48 375
57 48 375
58 48 375
59 48 375
7 48 376
15 48 376
23 48 376
31 48 376
56 48 376
57 48 376
58 48 376
59 48 376
7 48 377
15 48 377
23 48 377
31 48 377
56 48 377
57 48 377
58 48 377
59 48 377
7 48 378
15 48 378
23 48 378
31 48 378
56 48 378
57 48 378
58 48 378
59 48 378
7 48 379
15 48 379
23 48 379
31 48 379
56 48 379
57 48 379
58 48 379
59 48 379
7 48 380
15 48 380
23 48 380
31 48 380
56 48 380
57 48 380
58 48 380
59 48 380
7 48 381
15 48 381
23 48 381
31 48 381
56 48 381
57 48 381
58 48 381
59 48 381
7 48 382
15 48 382
23 48 382
31 48 382
56 48 382
57 48 382
58 48 382
59 48 382
7 48 383
15 48 383
23 48 383
31 48 383
56 48 383
57 48 383
58 48 383
59 48 383
7 48 384
15 48 384
23 48 384
31 48 384
56 48 384
57 48 384
58 48 384
59 48 384
