28 2 1
29 2 1
30 2 1
33 2 1
34 2 1
35 2 1
36 2 1
37 2 1
38 2 1
41 2 1
42 2 1
43 2 1
44 2 1
45 2 1
46 2 1
49 2 1
7 2 1
15 2 1
23 2 1
31 2 1
56 2 1
57 2 1
58 2 1
59 2 1
28 3 2
29 3 2
30 3 2
33 3 2
34 3 2
35 3 2
36 3 2
37 3 2
38 3 2
41 3 2
42 3 2
43 3 2
44 3 2
45 3 2
46 3 2
49 3 2
7 2 2
15 2 2
23 2 2
31 2 2
56 2 2
57 2 2
58 2 2
59 2 2
28 4 3
29 4 3
30 4 3
33 4 3
34 4 3
35 4 3
36 4 3
37 4 3
38 4 3
41 4 3
42 4 3
43 4 3
44 4 3
45 4 3
46 4 3
49 4 3
7 2 3
15 2 3
23 2 3
31 2 3
56 2 3
57 2 3
58 2 3
59 2 3
28 5 4
29 5 4
30 5 4
33 5 4
34 5 4
35 5 4
36 5 4
37 5 4
38 5 4
41 5 4
42 5 4
43 5 4
44 5 4
45 5 4
46 5 4
49 5 4
7 2 4
15 2 4
23 2 4
31 2 4
56 2 4
57 2 4
58 2 4
59 2 4
28 24 5
29 24 5
30 24 5
33 24 5
34 24 5
35 24 5
36 24 5
37 24 5
38 24 5
41 24 5
42 24 5
43 24 5
44 24 5
45 24 5
46 24 5
49 24 5
7 2 5
15 2 5
23 2 5
31 2 5
56 2 5
57 2 5
58 2 5
59 2 5
28 32 6
29 32 6
30 32 6
33 32 6
34 32 6
35 32 6
36 32 6
37 32 6
38 32 6
41 32 6
42 32 6
43 32 6
44 32 6
45 32 6
46 32 6
49 32 6
7 2 6
15 2 6
23 2 6
31 2 6
56 2 6
57 2 6
58 2 6
59 2 6
28 40 7
29 40 7
30 40 7
33 40 7
34 40 7
35 40 7
36 40 7
37 40 7
38 40 7
41 40 7
42 40 7
43 40 7
44 40 7
45 40 7
46 40 7
49 40 7
7 2 7
15 2 7
23 2 7
31 2 7
56 2 7
57 2 7
58 2 7
59 2 7
28 48 8
29 48 8
30 48 8
33 48 8
34 48 8
35 48 8
36 48 8
37 48 8
38 48 8
41 48 8
42 48 8
43 48 8
44 48 8
45 48 8
46 48 8
49 48 8
7 2 8
15 2 8
23 2 8
31 2 8
56 2 8
57 2 8
58 2 8
59 2 8
28 7 9
29 7 9
30 7 9
33 7 9
34 7 9
35 7 9
36 7 9
37 7 9
38 7 9
41 7 9
42 7 9
43 7 9
44 7 9
45 7 9
46 7 9
49 7 9
7 2 9
15 2 9
23 2 9
31 2 9
56 2 9
57 2 9
58 2 9
59 2 9
28 7 10
29 7 10
30 7 10
33 7 10
34 7 10
35 7 10
36 7 10
37 7 10
38 7 10
41 7 10
42 7 10
43 7 10
44 7 10
45 7 10
46 7 10
49 7 10
7 2 10
15 2 10
23 2 10
31 2 10
56 2 10
57 2 10
58 2 10
59 2 10
28 7 11
29 7 11
30 7 11
33 7 11
34 7 11
35 7 11
36 7 11
37 7 11
38 7 11
41 7 11
42 7 11
43 7 11
44 7 11
45 7 11
46 7 11
49 7 11
7 2 11
15 2 11
23 2 11
31 2 11
56 2 11
57 2 11
58 2 11
59 2 11
28 15 12
29 15 12
30 15 12
33 15 12
34 15 12
35 15 12
36 15 12
37 15 12
38 15 12
41 15 12
42 15 12
43 15 12
44 15 12
45 15 12
46 15 12
49 15 12
7 2 12
15 2 12
23 2 12
31 2 12
56 2 12
57 2 12
58 2 12
59 2 12
28 15 13
29 15 13
30 15 13
33 15 13
34 15 13
35 15 13
36 15 13
37 15 13
38 15 13
41 15 13
42 15 13
43 15 13
44 15 13
45 15 13
46 15 13
49 15 13
7 2 13
15 2 13
23 2 13
31 2 13
56 2 13
57 2 13
58 2 13
59 2 13
28 15 14
29 15 14
30 15 14
33 15 14
34 15 14
35 15 14
36 15 14
37 15 14
38 15 14
41 15 14
42 15 14
43 15 14
44 15 14
45 15 14
46 15 14
49 15 14
7 2 14
15 2 14
23 2 14
31 2 14
56 2 14
57 2 14
58 2 14
59 2 14
28 23 15
29 23 15
30 23 15
33 23 15
34 23 15
35 23 15
36 23 15
37 23 15
38 23 15
41 23 15
42 23 15
43 23 15
44 23 15
45 23 15
46 23 15
49 23 15
7 2 15
15 2 15
23 2 15
31 2 15
56 2 15
57 2 15
58 2 15
59 2 15
28 23 16
29 23 16
30 23 16
33 23 16
34 23 16
35 23 16
36 23 16
37 23 16
38 23 16
41 23 16
42 23 16
43 23 16
44 23 16
45 23 16
46 23 16
49 23 16
7 2 16
15 2 16
23 2 16
31 2 16
56 2 16
57 2 16
58 2 16
59 2 16
28 23 17
29 23 17
30 23 17
33 23 17
34 23 17
35 23 17
36 23 17
37 23 17
38 23 17
41 23 17
42 23 17
43 23 17
44 23 17
45 23 17
46 23 17
49 23 17
7 2 17
15 2 17
23 2 17
31 2 17
56 2 17
57 2 17
58 2 17
59 2 17
28 31 18
29 31 18
30 31 18
33 31 18
34 31 18
35 31 18
36 31 18
37 31 18
38 31 18
41 31 18
42 31 18
43 31 18
44 31 18
45 31 18
46 31 18
49 31 18
7 2 18
15 2 18
23 2 18
31 2 18
56 2 18
57 2 18
58 2 18
59 2 18
28 31 19
29 31 19
30 31 19
33 31 19
34 31 19
35 31 19
36 31 19
37 31 19
38 31 19
41 31 19
42 31 19
43 31 19
44 31 19
45 31 19
46 31 19
49 31 19
7 2 19
15 2 19
23 2 19
31 2 19
56 2 19
57 2 19
58 2 19
59 2 19
28 31 20
29 31 20
30 31 20
33 31 20
34 31 20
35 31 20
36 31 20
37 31 20
38 31 20
41 31 20
42 31 20
43 31 20
44 31 20
45 31 20
46 31 20
49 31 20
7 2 20
15 2 20
23 2 20
31 2 20
56 2 20
57 2 20
58 2 20
59 2 20
28 56 21
29 56 21
30 56 21
33 56 21
34 56 21
35 56 21
36 56 21
37 56 21
38 56 21
41 56 21
42 56 21
43 56 21
44 56 21
45 56 21
46 56 21
49 56 21
7 2 21
15 2 21
23 2 21
31 2 21
56 2 21
57 2 21
58 2 21
59 2 21
28 56 22
29 56 22
30 56 22
33 56 22
34 56 22
35 56 22
36 56 22
37 56 22
38 56 22
41 56 22
42 56 22
43 56 22
44 56 22
45 56 22
46 56 22
49 56 22
7 2 22
15 2 22
23 2 22
31 2 22
56 2 22
57 2 22
58 2 22
59 2 22
28 56 23
29 56 23
30 56 23
33 56 23
34 56 23
35 56 23
36 56 23
37 56 23
38 56 23
41 56 23
42 56 23
43 56 23
44 56 23
45 56 23
46 56 23
49 56 23
7 2 23
15 2 23
23 2 23
31 2 23
56 2 23
57 2 23
58 2 23
59 2 23
28 57 24
29 57 24
30 57 24
33 57 24
34 57 24
35 57 24
36 57 24
37 57 24
38 57 24
41 57 24
42 57 24
43 57 24
44 57 24
45 57 24
46 57 24
49 57 24
7 2 24
15 2 24
23 2 24
31 2 24
56 2 24
57 2 24
58 2 24
59 2 24
28 57 25
29 57 25
30 57 25
33 57 25
34 57 25
35 57 25
36 57 25
37 57 25
38 57 25
41 57 25
42 57 25
43 57 25
44 57 25
45 57 25
46 57 25
49 57 25
7 2 25
15 2 25
23 2 25
31 2 25
56 2 25
57 2 25
58 2 25
59 2 25
28 57 26
29 57 26
30 57 26
33 57 26
34 57 26
35 57 26
36 57 26
37 57 26
38 57 26
41 57 26
42 57 26
43 57 26
44 57 26
45 57 26
46 57 26
49 57 26
7 2 26
15 2 26
23 2 26
31 2 26
56 2 26
57 2 26
58 2 26
59 2 26
28 58 27
29 58 27
30 58 27
33 58 27
34 58 27
35 58 27
36 58 27
37 58 27
38 58 27
41 58 27
42 58 27
43 58 27
44 58 27
45 58 27
46 58 27
49 58 27
7 2 27
15 2 27
23 2 27
31 2 27
56 2 27
57 2 27
58 2 27
59 2 27
28 58 28
29 58 28
30 58 28
33 58 28
34 58 28
35 58 28
36 58 28
37 58 28
38 58 28
41 58 28
42 58 28
43 58 28
44 58 28
45 58 28
46 58 28
49 58 28
7 2 28
15 2 28
23 2 28
31 2 28
56 2 28
57 2 28
58 2 28
59 2 28
28 58 29
29 58 29
30 58 29
33 58 29
34 58 29
35 58 29
36 58 29
37 58 29
38 58 29
41 58 29
42 58 29
43 58 29
44 58 29
45 58 29
46 58 29
49 58 29
7 2 29
15 2 29
23 2 29
31 2 29
56 2 29
57 2 29
58 2 29
59 2 29
28 59 30
29 59 30
30 59 30
33 59 30
34 59 30
35 59 30
36 59 30
37 59 30
38 59 30
41 59 30
42 59 30
43 59 30
44 59 30
45 59 30
46 59 30
49 59 30
7 2 30
15 2 30
23 2 30
31 2 30
56 2 30
57 2 30
58 2 30
59 2 30
28 59 31
29 59 31
30 59 31
33 59 31
34 59 31
35 59 31
36 59 31
37 59 31
38 59 31
41 59 31
42 59 31
43 59 31
44 59 31
45 59 31
46 59 31
49 59 31
7 2 31
15 2 31
23 2 31
31 2 31
56 2 31
57 2 31
58 2 31
59 2 31
28 59 32
29 59 32
30 59 32
33 59 32
34 59 32
35 59 32
36 59 32
37 59 32
38 59 32
41 59 32
42 59 32
43 59 32
44 59 32
45 59 32
46 59 32
49 59 32
7 2 32
15 2 32
23 2 32
31 2 32
56 2 32
57 2 32
58 2 32
59 2 32
7 2 33
15 2 33
23 2 33
31 2 33
56 2 33
57 2 33
58 2 33
59 2 33
7 2 34
15 2 34
23 2 34
31 2 34
56 2 34
57 2 34
58 2 34
59 2 34
7 2 35
15 2 35
23 2 35
31 2 35
56 2 35
57 2 35
58 2 35
59 2 35
7 2 36
15 2 36
23 2 36
31 2 36
56 2 36
57 2 36
58 2 36
59 2 36
7 2 37
15 2 37
23 2 37
31 2 37
56 2 37
57 2 37
58 2 37
59 2 37
7 2 38
15 2 38
23 2 38
31 2 38
56 2 38
57 2 38
58 2 38
59 2 38
7 2 39
15 2 39
23 2 39
31 2 39
56 2 39
57 2 39
58 2 39
59 2 39
7 2 40
15 2 40
23 2 40
31 2 40
56 2 40
57 2 40
58 2 40
59 2 40
7 2 41
15 2 41
23 2 41
31 2 41
56 2 41
57 2 41
58 2 41
59 2 41
7 2 42
15 2 42
23 2 42
31 2 42
56 2 42
57 2 42
58 2 42
59 2 42
7 2 43
15 2 43
23 2 43
31 2 43
56 2 43
57 2 43
58 2 43
59 2 43
7 2 44
15 2 44
23 2 44
31 2 44
56 2 44
57 2 44
58 2 44
59 2 44
7 2 45
15 2 45
23 2 45
31 2 45
56 2 45
57 2 45
58 2 45
59 2 45
7 2 46
15 2 46
23 2 46
31 2 46
56 2 46
57 2 46
58 2 46
59 2 46
7 2 47
15 2 47
23 2 47
31 2 47
56 2 47
57 2 47
58 2 47
59 2 47
7 2 48
15 2 48
23 2 48
31 2 48
56 2 48
57 2 48
58 2 48
59 2 48
7 3 49
15 3 49
23 3 49
31 3 49
56 3 49
57 3 49
58 3 49
59 3 49
7 3 50
15 3 50
23 3 50
31 3 50
56 3 50
57 3 50
58 3 50
59 3 50
7 3 51
15 3 51
23 3 51
31 3 51
56 3 51
57 3 51
58 3 51
59 3 51
7 3 52
15 3 52
23 3 52
31 3 52
56 3 52
57 3 52
58 3 52
59 3 52
7 3 53
15 3 53
23 3 53
31 3 53
56 3 53
57 3 53
58 3 53
59 3 53
7 3 54
15 3 54
23 3 54
31 3 54
56 3 54
57 3 54
58 3 54
59 3 54
7 3 55
15 3 55
23 3 55
31 3 55
56 3 55
57 3 55
58 3 55
59 3 55
7 3 56
15 3 56
23 3 56
31 3 56
56 3 56
57 3 56
58 3 56
59 3 56
7 3 57
15 3 57
23 3 57
31 3 57
56 3 57
57 3 57
58 3 57
59 3 57
7 3 58
15 3 58
23 3 58
31 3 58
56 3 58
57 3 58
58 3 58
59 3 58
7 3 59
15 3 59
23 3 59
31 3 59
56 3 59
57 3 59
58 3 59
59 3 59
7 3 60
15 3 60
23 3 60
31 3 60
56 3 60
57 3 60
58 3 60
59 3 60
7 3 61
15 3 61
23 3 61
31 3 61
56 3 61
57 3 61
58 3 61
59 3 61
7 3 62
15 3 62
23 3 62
31 3 62
56 3 62
57 3 62
58 3 62
59 3 62
7 3 63
15 3 63
23 3 63
31 3 63
56 3 63
57 3 63
58 3 63
59 3 63
7 3 64
15 3 64
23 3 64
31 3 64
56 3 64
57 3 64
58 3 64
59 3 64
7 3 65
15 3 65
23 3 65
31 3 65
56 3 65
57 3 65
58 3 65
59 3 65
7 3 66
15 3 66
23 3 66
31 3 66
56 3 66
57 3 66
58 3 66
59 3 66
7 3 67
15 3 67
23 3 67
31 3 67
56 3 67
57 3 67
58 3 67
59 3 67
7 3 68
15 3 68
23 3 68
31 3 68
56 3 68
57 3 68
58 3 68
59 3 68
7 3 69
15 3 69
23 3 69
31 3 69
56 3 69
57 3 69
58 3 69
59 3 69
7 3 70
15 3 70
23 3 70
31 3 70
56 3 70
57 3 70
58 3 70
59 3 70
7 3 71
15 3 71
23 3 71
31 3 71
56 3 71
57 3 71
58 3 71
59 3 71
7 3 72
15 3 72
23 3 72
31 3 72
56 3 72
57 3 72
58 3 72
59 3 72
7 3 73
15 3 73
23 3 73
31 3 73
56 3 73
57 3 73
58 3 73
59 3 73
7 3 74
15 3 74
23 3 74
31 3 74
56 3 74
57 3 74
58 3 74
59 3 74
7 3 75
15 3 75
23 3 75
31 3 75
56 3 75
57 3 75
58 3 75
59 3 75
7 3 76
15 3 76
23 3 76
31 3 76
56 3 76
57 3 76
58 3 76
59 3 76
7 3 77
15 3 77
23 3 77
31 3 77
56 3 77
57 3 77
58 3 77
59 3 77
7 3 78
15 3 78
23 3 78
31 3 78
56 3 78
57 3 78
58 3 78
59 3 78
7 3 79
15 3 79
23 3 79
31 3 79
56 3 79
57 3 79
58 3 79
59 3 79
7 3 80
15 3 80
23 3 80
31 3 80
56 3 80
57 3 80
58 3 80
59 3 80
7 3 81
15 3 81
23 3 81
31 3 81
56 3 81
57 3 81
58 3 81
59 3 81
7 3 82
15 3 82
23 3 82
31 3 82
56 3 82
57 3 82
58 3 82
59 3 82
7 3 83
15 3 83
23 3 83
31 3 83
56 3 83
57 3 83
58 3 83
59 3 83
7 3 84
15 3 84
23 3 84
31 3 84
56 3 84
57 3 84
58 3 84
59 3 84
7 3 85
15 3 85
23 3 85
31 3 85
56 3 85
57 3 85
58 3 85
59 3 85
7 3 86
15 3 86
23 3 86
31 3 86
56 3 86
57 3 86
58 3 86
59 3 86
7 3 87
15 3 87
23 3 87
31 3 87
56 3 87
57 3 87
58 3 87
59 3 87
7 3 88
15 3 88
23 3 88
31 3 88
56 3 88
57 3 88
58 3 88
59 3 88
7 3 89
15 3 89
23 3 89
31 3 89
56 3 89
57 3 89
58 3 89
59 3 89
7 3 90
15 3 90
23 3 90
31 3 90
56 3 90
57 3 90
58 3 90
59 3 90
7 3 91
15 3 91
23 3 91
31 3 91
56 3 91
57 3 91
58 3 91
59 3 91
7 3 92
15 3 92
23 3 92
31 3 92
56 3 92
57 3 92
58 3 92
59 3 92
7 3 93
15 3 93
23 3 93
31 3 93
56 3 93
57 3 93
58 3 93
59 3 93
7 3 94
15 3 94
23 3 94
31 3 94
56 3 94
57 3 94
58 3 94
59 3 94
7 3 95
15 3 95
23 3 95
31 3 95
56 3 95
57 3 95
58 3 95
59 3 95
7 3 96
15 3 96
23 3 96
31 3 96
56 3 96
57 3 96
58 3 96
59 3 96
7 4 97
15 4 97
23 4 97
31 4 97
56 4 97
57 4 97
58 4 97
59 4 97
7 4 98
15 4 98
23 4 98
31 4 98
56 4 98
57 4 98
58 4 98
59 4 98
7 4 99
15 4 99
23 4 99
31 4 99
56 4 99
57 4 99
58 4 99
59 4 99
7 4 100
15 4 100
23 4 100
31 4 100
56 4 100
57 4 100
58 4 100
59 4 100
7 4 101
15 4 101
23 4 101
31 4 101
56 4 101
57 4 101
58 4 101
59 4 101
7 4 102
15 4 102
23 4 102
31 4 102
56 4 102
57 4 102
58 4 102
59 4 102
7 4 103
15 4 103
23 4 103
31 4 103
56 4 103
57 4 103
58 4 103
59 4 103
7 4 104
15 4 104
23 4 104
31 4 104
56 4 104
57 4 104
58 4 104
59 4 104
7 4 105
15 4 105
23 4 105
31 4 105
56 4 105
57 4 105
58 4 105
59 4 105
7 4 106
15 4 106
23 4 106
31 4 106
56 4 106
57 4 106
58 4 106
59 4 106
7 4 107
15 4 107
23 4 107
31 4 107
56 4 107
57 4 107
58 4 107
59 4 107
7 4 108
15 4 108
23 4 108
31 4 108
56 4 108
57 4 108
58 4 108
59 4 108
7 4 109
15 4 109
23 4 109
31 4 109
56 4 109
57 4 109
58 4 109
59 4 109
7 4 110
15 4 110
23 4 110
31 4 110
56 4 110
57 4 110
58 4 110
59 4 110
7 4 111
15 4 111
23 4 111
31 4 111
56 4 111
57 4 111
58 4 111
59 4 111
7 4 112
15 4 112
23 4 112
31 4 112
56 4 112
57 4 112
58 4 112
59 4 112
7 4 113
15 4 113
23 4 113
31 4 113
56 4 113
57 4 113
58 4 113
59 4 113
7 4 114
15 4 114
23 4 114
31 4 114
56 4 114
57 4 114
58 4 114
59 4 114
7 4 115
15 4 115
23 4 115
31 4 115
56 4 115
57 4 115
58 4 115
59 4 115
7 4 116
15 4 116
23 4 116
31 4 116
56 4 116
57 4 116
58 4 116
59 4 116
7 4 117
15 4 117
23 4 117
31 4 117
56 4 117
57 4 117
58 4 117
59 4 117
7 4 118
15 4 118
23 4 118
31 4 118
56 4 118
57 4 118
58 4 118
59 4 118
7 4 119
15 4 119
23 4 119
31 4 119
56 4 119
57 4 119
58 4 119
59 4 119
7 4 120
15 4 120
23 4 120
31 4 120
56 4 120
57 4 120
58 4 120
59 4 120
7 4 121
15 4 121
23 4 121
31 4 121
56 4 121
57 4 121
58 4 121
59 4 121
7 4 122
15 4 122
23 4 122
31 4 122
56 4 122
57 4 122
58 4 122
59 4 122
7 4 123
15 4 123
23 4 123
31 4 123
56 4 123
57 4 123
58 4 123
59 4 123
7 4 124
15 4 124
23 4 124
31 4 124
56 4 124
57 4 124
58 4 124
59 4 124
7 4 125
15 4 125
23 4 125
31 4 125
56 4 125
57 4 125
58 4 125
59 4 125
7 4 126
15 4 126
23 4 126
31 4 126
56 4 126
57 4 126
58 4 126
59 4 126
7 4 127
15 4 127
23 4 127
31 4 127
56 4 127
57 4 127
58 4 127
59 4 127
7 4 128
15 4 128
23 4 128
31 4 128
56 4 128
57 4 128
58 4 128
59 4 128
7 4 129
15 4 129
23 4 129
31 4 129
56 4 129
57 4 129
58 4 129
59 4 129
7 4 130
15 4 130
23 4 130
31 4 130
56 4 130
57 4 130
58 4 130
59 4 130
7 4 131
15 4 131
23 4 131
31 4 131
56 4 131
57 4 131
58 4 131
59 4 131
7 4 132
15 4 132
23 4 132
31 4 132
56 4 132
57 4 132
58 4 132
59 4 132
7 4 133
15 4 133
23 4 133
31 4 133
56 4 133
57 4 133
58 4 133
59 4 133
7 4 134
15 4 134
23 4 134
31 4 134
56 4 134
57 4 134
58 4 134
59 4 134
7 4 135
15 4 135
23 4 135
31 4 135
56 4 135
57 4 135
58 4 135
59 4 135
7 4 136
15 4 136
23 4 136
31 4 136
56 4 136
57 4 136
58 4 136
59 4 136
7 4 137
15 4 137
23 4 137
31 4 137
56 4 137
57 4 137
58 4 137
59 4 137
7 4 138
15 4 138
23 4 138
31 4 138
56 4 138
57 4 138
58 4 138
59 4 138
7 4 139
15 4 139
23 4 139
31 4 139
56 4 139
57 4 139
58 4 139
59 4 139
7 4 140
15 4 140
23 4 140
31 4 140
56 4 140
57 4 140
58 4 140
59 4 140
7 4 141
15 4 141
23 4 141
31 4 141
56 4 141
57 4 141
58 4 141
59 4 141
7 4 142
15 4 142
23 4 142
31 4 142
56 4 142
57 4 142
58 4 142
59 4 142
7 4 143
15 4 143
23 4 143
31 4 143
56 4 143
57 4 143
58 4 143
59 4 143
7 4 144
15 4 144
23 4 144
31 4 144
56 4 144
57 4 144
58 4 144
59 4 144
7 5 145
15 5 145
23 5 145
31 5 145
56 5 145
57 5 145
58 5 145
59 5 145
7 5 146
15 5 146
23 5 146
31 5 146
56 5 146
57 5 146
58 5 146
59 5 146
7 5 147
15 5 147
23 5 147
31 5 147
56 5 147
57 5 147
58 5 147
59 5 147
7 5 148
15 5 148
23 5 148
31 5 148
56 5 148
57 5 148
58 5 148
59 5 148
7 5 149
15 5 149
23 5 149
31 5 149
56 5 149
57 5 149
58 5 149
59 5 149
7 5 150
15 5 150
23 5 150
31 5 150
56 5 150
57 5 150
58 5 150
59 5 150
7 5 151
15 5 151
23 5 151
31 5 151
56 5 151
57 5 151
58 5 151
59 5 151
7 5 152
15 5 152
23 5 152
31 5 152
56 5 152
57 5 152
58 5 152
59 5 152
7 5 153
15 5 153
23 5 153
31 5 153
56 5 153
57 5 153
58 5 153
59 5 153
7 5 154
15 5 154
23 5 154
31 5 154
56 5 154
57 5 154
58 5 154
59 5 154
7 5 155
15 5 155
23 5 155
31 5 155
56 5 155
57 5 155
58 5 155
59 5 155
7 5 156
15 5 156
23 5 156
31 5 156
56 5 156
57 5 156
58 5 156
59 5 156
7 5 157
15 5 157
23 5 157
31 5 157
56 5 157
57 5 157
58 5 157
59 5 157
7 5 158
15 5 158
23 5 158
31 5 158
56 5 158
57 5 158
58 5 158
59 5 158
7 5 159
15 5 159
23 5 159
31 5 159
56 5 159
57 5 159
58 5 159
59 5 159
7 5 160
15 5 160
23 5 160
31 5 160
56 5 160
57 5 160
58 5 160
59 5 160
7 5 161
15 5 161
23 5 161
31 5 161
56 5 161
57 5 161
58 5 161
59 5 161
7 5 162
15 5 162
23 5 162
31 5 162
56 5 162
57 5 162
58 5 162
59 5 162
7 5 163
15 5 163
23 5 163
31 5 163
56 5 163
57 5 163
58 5 163
59 5 163
7 5 164
15 5 164
23 5 164
31 5 164
56 5 164
57 5 164
58 5 164
59 5 164
7 5 165
15 5 165
23 5 165
31 5 165
56 5 165
57 5 165
58 5 165
59 5 165
7 5 166
15 5 166
23 5 166
31 5 166
56 5 166
57 5 166
58 5 166
59 5 166
7 5 167
15 5 167
23 5 167
31 5 167
56 5 167
57 5 167
58 5 167
59 5 167
7 5 168
15 5 168
23 5 168
31 5 168
56 5 168
57 5 168
58 5 168
59 5 168
7 5 169
15 5 169
23 5 169
31 5 169
56 5 169
57 5 169
58 5 169
59 5 169
7 5 170
15 5 170
23 5 170
31 5 170
56 5 170
57 5 170
58 5 170
59 5 170
7 5 171
15 5 171
23 5 171
31 5 171
56 5 171
57 5 171
58 5 171
59 5 171
7 5 172
15 5 172
23 5 172
31 5 172
56 5 172
57 5 172
58 5 172
59 5 172
7 5 173
15 5 173
23 5 173
31 5 173
56 5 173
57 5 173
58 5 173
59 5 173
7 5 174
15 5 174
23 5 174
31 5 174
56 5 174
57 5 174
58 5 174
59 5 174
7 5 175
15 5 175
23 5 175
31 5 175
56 5 175
57 5 175
58 5 175
59 5 175
7 5 176
15 5 176
23 5 176
31 5 176
56 5 176
57 5 176
58 5 176
59 5 176
7 5 177
15 5 177
23 5 177
31 5 177
56 5 177
57 5 177
58 5 177
59 5 177
7 5 178
15 5 178
23 5 178
31 5 178
56 5 178
57 5 178
58 5 178
59 5 178
7 5 179
15 5 179
23 5 179
31 5 179
56 5 179
57 5 179
58 5 179
59 5 179
7 5 180
15 5 180
23 5 180
31 5 180
56 5 180
57 5 180
58 5 180
59 5 180
7 5 181
15 5 181
23 5 181
31 5 181
56 5 181
57 5 181
58 5 181
59 5 181
7 5 182
15 5 182
23 5 182
31 5 182
56 5 182
57 5 182
58 5 182
59 5 182
7 5 183
15 5 183
23 5 183
31 5 183
56 5 183
57 5 183
58 5 183
59 5 183
7 5 184
15 5 184
23 5 184
31 5 184
56 5 184
57 5 184
58 5 184
59 5 184
7 5 185
15 5 185
23 5 185
31 5 185
56 5 185
57 5 185
58 5 185
59 5 185
7 5 186
15 5 186
23 5 186
31 5 186
56 5 186
57 5 186
58 5 186
59 5 186
7 5 187
15 5 187
23 5 187
31 5 187
56 5 187
57 5 187
58 5 187
59 5 187
7 5 188
15 5 188
23 5 188
31 5 188
56 5 188
57 5 188
58 5 188
59 5 188
7 5 189
15 5 189
23 5 189
31 5 189
56 5 189
57 5 189
58 5 189
59 5 189
7 5 190
15 5 190
23 5 190
31 5 190
56 5 190
57 5 190
58 5 190
59 5 190
7 5 191
15 5 191
23 5 191
31 5 191
56 5 191
57 5 191
58 5 191
59 5 191
7 5 192
15 5 192
23 5 192
31 5 192
56 5 192
57 5 192
58 5 192
59 5 192
7 24 193
15 24 193
23 24 193
31 24 193
56 24 193
57 24 193
58 24 193
59 24 193
7 24 194
15 24 194
23 24 194
31 24 194
56 24 194
57 24 194
58 24 194
59 24 194
7 24 195
15 24 195
23 24 195
31 24 195
56 24 195
57 24 195
58 24 195
59 24 195
7 24 196
15 24 196
23 24 196
31 24 196
56 24 196
57 24 196
58 24 196
59 24 196
7 24 197
15 24 197
23 24 197
31 24 197
56 24 197
57 24 197
58 24 197
59 24 197
7 24 198
15 24 198
23 24 198
31 24 198
56 24 198
57 24 198
58 24 198
59 24 198
7 24 199
15 24 199
23 24 199
31 24 199
56 24 199
57 24 199
58 24 199
59 24 199
7 24 200
15 24 200
23 24 200
31 24 200
56 24 200
57 24 200
58 24 200
59 24 200
7 24 201
15 24 201
23 24 201
31 24 201
56 24 201
57 24 201
58 24 201
59 24 201
7 24 202
15 24 202
23 24 202
31 24 202
56 24 202
57 24 202
58 24 202
59 24 202
7 24 203
15 24 203
23 24 203
31 24 203
56 24 203
57 24 203
58 24 203
59 24 203
7 24 204
15 24 204
23 24 204
31 24 204
56 24 204
57 24 204
58 24 204
59 24 204
7 24 205
15 24 205
23 24 205
31 24 205
56 24 205
57 24 205
58 24 205
59 24 205
7 24 206
15 24 206
23 24 206
31 24 206
56 24 206
57 24 206
58 24 206
59 24 206
7 24 207
15 24 207
23 24 207
31 24 207
56 24 207
57 24 207
58 24 207
59 24 207
7 24 208
15 24 208
23 24 208
31 24 208
56 24 208
57 24 208
58 24 208
59 24 208
7 24 209
15 24 209
23 24 209
31 24 209
56 24 209
57 24 209
58 24 209
59 24 209
7 24 210
15 24 210
23 24 210
31 24 210
56 24 210
57 24 210
58 24 210
59 24 210
7 24 211
15 24 211
23 24 211
31 24 211
56 24 211
57 24 211
58 24 211
59 24 211
7 24 212
15 24 212
23 24 212
31 24 212
56 24 212
57 24 212
58 24 212
59 24 212
7 24 213
15 24 213
23 24 213
31 24 213
56 24 213
57 24 213
58 24 213
59 24 213
7 24 214
15 24 214
23 24 214
31 24 214
56 24 214
57 24 214
58 24 214
59 24 214
7 24 215
15 24 215
23 24 215
31 24 215
56 24 215
57 24 215
58 24 215
59 24 215
7 24 216
15 24 216
23 24 216
31 24 216
56 24 216
57 24 216
58 24 216
59 24 216
7 24 217
15 24 217
23 24 217
31 24 217
56 24 217
57 24 217
58 24 217
59 24 217
7 24 218
15 24 218
23 24 218
31 24 218
56 24 218
57 24 218
58 24 218
59 24 218
7 24 219
15 24 219
23 24 219
31 24 219
56 24 219
57 24 219
58 24 219
59 24 219
7 24 220
15 24 220
23 24 220
31 24 220
56 24 220
57 24 220
58 24 220
59 24 220
7 24 221
15 24 221
23 24 221
31 24 221
56 24 221
57 24 221
58 24 221
59 24 221
7 24 222
15 24 222
23 24 222
31 24 222
56 24 222
57 24 222
58 24 222
59 24 222
7 24 223
15 24 223
23 24 223
31 24 223
56 24 223
57 24 223
58 24 223
59 24 223
7 24 224
15 24 224
23 24 224
31 24 224
56 24 224
57 24 224
58 24 224
59 24 224
7 24 225
15 24 225
23 24 225
31 24 225
56 24 225
57 24 225
58 24 225
59 24 225
7 24 226
15 24 226
23 24 226
31 24 226
56 24 226
57 24 226
58 24 226
59 24 226
7 24 227
15 24 227
23 24 227
31 24 227
56 24 227
57 24 227
58 24 227
59 24 227
7 24 228
15 24 228
23 24 228
31 24 228
56 24 228
57 24 228
58 24 228
59 24 228
7 24 229
15 24 229
23 24 229
31 24 229
56 24 229
57 24 229
58 24 229
59 24 229
7 24 230
15 24 230
23 24 230
31 24 230
56 24 230
57 24 230
58 24 230
59 24 230
7 24 231
15 24 231
23 24 231
31 24 231
56 24 231
57 24 231
58 24 231
59 24 231
7 24 232
15 24 232
23 24 232
31 24 232
56 24 232
57 24 232
58 24 232
59 24 232
7 24 233
15 24 233
23 24 233
31 24 233
56 24 233
57 24 233
58 24 233
59 24 233
7 24 234
15 24 234
23 24 234
31 24 234
56 24 234
57 24 234
58 24 234
59 24 234
7 24 235
15 24 235
23 24 235
31 24 235
56 24 235
57 24 235
58 24 235
59 24 235
7 24 236
15 24 236
23 24 236
31 24 236
56 24 236
57 24 236
58 24 236
59 24 236
7 24 237
15 24 237
23 24 237
31 24 237
56 24 237
57 24 237
58 24 237
59 24 237
7 24 238
15 24 238
23 24 238
31 24 238
56 24 238
57 24 238
58 24 238
59 24 238
7 24 239
15 24 239
23 24 239
31 24 239
56 24 239
57 24 239
58 24 239
59 24 239
7 24 240
15 24 240
23 24 240
31 24 240
56 24 240
57 24 240
58 24 240
59 24 240
7 32 241
15 32 241
23 32 241
31 32 241
56 32 241
57 32 241
58 32 241
59 32 241
7 32 242
15 32 242
23 32 242
31 32 242
56 32 242
57 32 242
58 32 242
59 32 242
7 32 243
15 32 243
23 32 243
31 32 243
56 32 243
57 32 243
58 32 243
59 32 243
7 32 244
15 32 244
23 32 244
31 32 244
56 32 244
57 32 244
58 32 244
59 32 244
7 32 245
15 32 245
23 32 245
31 32 245
56 32 245
57 32 245
58 32 245
59 32 245
7 32 246
15 32 246
23 32 246
31 32 246
56 32 246
57 32 246
58 32 246
59 32 246
7 32 247
15 32 247
23 32 247
31 32 247
56 32 247
57 32 247
58 32 247
59 32 247
7 32 248
15 32 248
23 32 248
31 32 248
56 32 248
57 32 248
58 32 248
59 32 248
7 32 249
15 32 249
23 32 249
31 32 249
56 32 249
57 32 249
58 32 249
59 32 249
7 32 250
15 32 250
23 32 250
31 32 250
56 32 250
57 32 250
58 32 250
59 32 250
7 32 251
15 32 251
23 32 251
31 32 251
56 32 251
57 32 251
58 32 251
59 32 251
7 32 252
15 32 252
23 32 252
31 32 252
56 32 252
57 32 252
58 32 252
59 32 252
7 32 253
15 32 253
23 32 253
31 32 253
56 32 253
57 32 253
58 32 253
59 32 253
7 32 254
15 32 254
23 32 254
31 32 254
56 32 254
57 32 254
58 32 254
59 32 254
7 32 255
15 32 255
23 32 255
31 32 255
56 32 255
57 32 255
58 32 255
59 32 255
7 32 256
15 32 256
23 32 256
31 32 256
56 32 256
57 32 256
58 32 256
59 32 256
7 32 257
15 32 257
23 32 257
31 32 257
56 32 257
57 32 257
58 32 257
59 32 257
7 32 258
15 32 258
23 32 258
31 32 258
56 32 258
57 32 258
58 32 258
59 32 258
7 32 259
15 32 259
23 32 259
31 32 259
56 32 259
57 32 259
58 32 259
59 32 259
7 32 260
15 32 260
23 32 260
31 32 260
56 32 260
57 32 260
58 32 260
59 32 260
7 32 261
15 32 261
23 32 261
31 32 261
56 32 261
57 32 261
58 32 261
59 32 261
7 32 262
15 32 262
23 32 262
31 32 262
56 32 262
57 32 262
58 32 262
59 32 262
7 32 263
15 32 263
23 32 263
31 32 263
56 32 263
57 32 263
58 32 263
59 32 263
7 32 264
15 32 264
23 32 264
31 32 264
56 32 264
57 32 264
58 32 264
59 32 264
7 32 265
15 32 265
23 32 265
31 32 265
56 32 265
57 32 265
58 32 265
59 32 265
7 32 266
15 32 266
23 32 266
31 32 266
56 32 266
57 32 266
58 32 266
59 32 266
7 32 267
15 32 267
23 32 267
31 32 267
56 32 267
57 32 267
58 32 267
59 32 267
7 32 268
15 32 268
23 32 268
31 32 268
56 32 268
57 32 268
58 32 268
59 32 268
7 32 269
15 32 269
23 32 269
31 32 269
56 32 269
57 32 269
58 32 269
59 32 269
7 32 270
15 32 270
23 32 270
31 32 270
56 32 270
57 32 270
58 32 270
59 32 270
7 32 271
15 32 271
23 32 271
31 32 271
56 32 271
57 32 271
58 32 271
59 32 271
7 32 272
15 32 272
23 32 272
31 32 272
56 32 272
57 32 272
58 32 272
59 32 272
7 32 273
15 32 273
23 32 273
31 32 273
56 32 273
57 32 273
58 32 273
59 32 273
7 32 274
15 32 274
23 32 274
31 32 274
56 32 274
57 32 274
58 32 274
59 32 274
7 32 275
15 32 275
23 32 275
31 32 275
56 32 275
57 32 275
58 32 275
59 32 275
7 32 276
15 32 276
23 32 276
31 32 276
56 32 276
57 32 276
58 32 276
59 32 276
7 32 277
15 32 277
23 32 277
31 32 277
56 32 277
57 32 277
58 32 277
59 32 277
7 32 278
15 32 278
23 32 278
31 32 278
56 32 278
57 32 278
58 32 278
59 32 278
7 32 279
15 32 279
23 32 279
31 32 279
56 32 279
57 32 279
58 32 279
59 32 279
7 32 280
15 32 280
23 32 280
31 32 280
56 32 280
57 32 280
58 32 280
59 32 280
7 32 281
15 32 281
23 32 281
31 32 281
56 32 281
57 32 281
58 32 281
59 32 281
7 32 282
15 32 282
23 32 282
31 32 282
56 32 282
57 32 282
58 32 282
59 32 282
7 32 283
15 32 283
23 32 283
31 32 283
56 32 283
57 32 283
58 32 283
59 32 283
7 32 284
15 32 284
23 32 284
31 32 284
56 32 284
57 32 284
58 32 284
59 32 284
7 32 285
15 32 285
23 32 285
31 32 285
56 32 285
57 32 285
58 32 285
59 32 285
7 32 286
15 32 286
23 32 286
31 32 286
56 32 286
57 32 286
58 32 286
59 32 286
7 32 287
15 32 287
23 32 287
31 32 287
56 32 287
57 32 287
58 32 287
59 32 287
7 32 288
15 32 288
23 32 288
31 32 288
56 32 288
57 32 288
58 32 288
59 32 288
7 40 289
15 40 289
23 40 289
31 40 289
56 40 289
57 40 289
58 40 289
59 40 289
7 40 290
15 40 290
23 40 290
31 40 290
56 40 290
57 40 290
58 40 290
59 40 290
7 40 291
15 40 291
23 40 291
31 40 291
56 40 291
57 40 291
58 40 291
59 40 291
7 40 292
15 40 292
23 40 292
31 40 292
56 40 292
57 40 292
58 40 292
59 40 292
7 40 293
15 40 293
23 40 293
31 40 293
56 40 293
57 40 293
58 40 293
59 40 293
7 40 294
15 40 294
23 40 294
31 40 294
56 40 294
57 40 294
58 40 294
59 40 294
7 40 295
15 40 295
23 40 295
31 40 295
56 40 295
57 40 295
58 40 295
59 40 295
7 40 296
15 40 296
23 40 296
31 40 296
56 40 296
57 40 296
58 40 296
59 40 296
7 40 297
15 40 297
23 40 297
31 40 297
56 40 297
57 40 297
58 40 297
59 40 297
7 40 298
15 40 298
23 40 298
31 40 298
56 40 298
57 40 298
58 40 298
59 40 298
7 40 299
15 40 299
23 40 299
31 40 299
56 40 299
57 40 299
58 40 299
59 40 299
7 40 300
15 40 300
23 40 300
31 40 300
56 40 300
57 40 300
58 40 300
59 40 300
7 40 301
15 40 301
23 40 301
31 40 301
56 40 301
57 40 301
58 40 301
59 40 301
7 40 302
15 40 302
23 40 302
31 40 302
56 40 302
57 40 302
58 40 302
59 40 302
7 40 303
15 40 303
23 40 303
31 40 303
56 40 303
57 40 303
58 40 303
59 40 303
7 40 304
15 40 304
23 40 304
31 40 304
56 40 304
57 40 304
58 40 304
59 40 304
7 40 305
15 40 305
23 40 305
31 40 305
56 40 305
57 40 305
58 40 305
59 40 305
7 40 306
15 40 306
23 40 306
31 40 306
56 40 306
57 40 306
58 40 306
59 40 306
7 40 307
15 40 307
23 40 307
31 40 307
56 40 307
57 40 307
58 40 307
59 40 307
7 40 308
15 40 308
23 40 308
31 40 308
56 40 308
57 40 308
58 40 308
59 40 308
7 40 309
15 40 309
23 40 309
31 40 309
56 40 309
57 40 309
58 40 309
59 40 309
7 40 310
15 40 310
23 40 310
31 40 310
56 40 310
57 40 310
58 40 310
59 40 310
7 40 311
15 40 311
23 40 311
31 40 311
56 40 311
57 40 311
58 40 311
59 40 311
7 40 312
15 40 312
23 40 312
31 40 312
56 40 312
57 40 312
58 40 312
59 40 312
7 40 313
15 40 313
23 40 313
31 40 313
56 40 313
57 40 313
58 40 313
59 40 313
7 40 314
15 40 314
23 40 314
31 40 314
56 40 314
57 40 314
58 40 314
59 40 314
7 40 315
15 40 315
23 40 315
31 40 315
56 40 315
57 40 315
58 40 315
59 40 315
7 40 316
15 40 316
23 40 316
31 40 316
56 40 316
57 40 316
58 40 316
59 40 316
7 40 317
15 40 317
23 40 317
31 40 317
56 40 317
57 40 317
58 40 317
59 40 317
7 40 318
15 40 318
23 40 318
31 40 318
56 40 318
57 40 318
58 40 318
59 40 318
7 40 319
15 40 319
23 40 319
31 40 319
56 40 319
57 40 319
58 40 319
59 40 319
7 40 320
15 40 320
23 40 320
31 40 320
56 40 320
57 40 320
58 40 320
59 40 320
7 40 321
15 40 321
23 40 321
31 40 321
56 40 321
57 40 321
58 40 321
59 40 321
7 40 322
15 40 322
23 40 322
31 40 322
56 40 322
57 40 322
58 40 322
59 40 322
7 40 323
15 40 323
23 40 323
31 40 323
56 40 323
57 40 323
58 40 323
59 40 323
7 40 324
15 40 324
23 40 324
31 40 324
56 40 324
57 40 324
58 40 324
59 40 324
7 40 325
15 40 325
23 40 325
31 40 325
56 40 325
57 40 325
58 40 325
59 40 325
7 40 326
15 40 326
23 40 326
31 40 326
56 40 326
57 40 326
58 40 326
59 40 326
7 40 327
15 40 327
23 40 327
31 40 327
56 40 327
57 40 327
58 40 327
59 40 327
7 40 328
15 40 328
23 40 328
31 40 328
56 40 328
57 40 328
58 40 328
59 40 328
7 40 329
15 40 329
23 40 329
31 40 329
56 40 329
57 40 329
58 40 329
59 40 329
7 40 330
15 40 330
23 40 330
31 40 330
56 40 330
57 40 330
58 40 330
59 40 330
7 40 331
15 40 331
23 40 331
31 40 331
56 40 331
57 40 331
58 40 331
59 40 331
7 40 332
15 40 332
23 40 332
31 40 332
56 40 332
57 40 332
58 40 332
59 40 332
7 40 333
15 40 333
23 40 333
31 40 333
56 40 333
57 40 333
58 40 333
59 40 333
7 40 334
15 40 334
23 40 334
31 40 334
56 40 334
57 40 334
58 40 334
59 40 334
7 40 335
15 40 335
23 40 335
31 40 335
56 40 335
57 40 335
58 40 335
59 40 335
7 40 336
15 40 336
23 40 336
31 40 336
56 40 336
57 40 336
58 40 336
59 40 336
7 48 337
15 48 337
23 48 337
31 48 337
56 48 337
57 48 337
58 48 337
59 48 337
7 48 338
15 48 338
23 48 338
31 48 338
56 48 338
57 48 338
58 48 338
59 48 338
7 48 339
15 48 339
23 48 339
31 48 339
56 48 339
57 48 339
58 48 339
59 48 339
7 48 340
15 48 340
23 48 340
31 48 340
56 48 340
57 48 340
58 48 340
59 48 340
7 48 341
15 48 341
23 48 341
31 48 341
56 48 341
57 48 341
58 48 341
59 48 341
7 48 342
15 48 342
23 48 342
31 48 342
56 48 342
57 48 342
58 48 342
59 48 342
7 48 343
15 48 343
23 48 343
31 48 343
56 48 343
57 48 343
58 48 343
59 48 343
7 48 344
15 48 344
23 48 344
31 48 344
56 48 344
57 48 344
58 48 344
59 48 344
7 48 345
15 48 345
23 48 345
31 48 345
56 48 345
57 48 345
58 48 345
59 48 345
7 48 346
15 48 346
23 48 346
31 48 346
56 48 346
57 48 346
58 48 346
59 48 346
7 48 347
15 48 347
23 48 347
31 48 347
56 48 347
57 48 347
58 48 347
59 48 347
7 48 348
15 48 348
23 48 348
31 48 348
56 48 348
57 48 348
58 48 348
59 48 348
7 48 349
15 48 349
23 48 349
31 48 349
56 48 349
57 48 349
58 48 349
59 48 349
7 48 350
15 48 350
23 48 350
31 48 350
56 48 350
57 48 350
58 48 350
59 48 350
7 48 351
15 48 351
23 48 351
31 48 351
56 48 351
57 48 351
58 48 351
59 48 351
7 48 352
15 48 352
23 48 352
31 48 352
56 48 352
57 48 352
58 48 352
59 48 352
7 48 353
15 48 353
23 48 353
31 48 353
56 48 353
57 48 353
58 48 353
59 48 353
7 48 354
15 48 354
23 48 354
31 48 354
56 48 354
57 48 354
58 48 354
59 48 354
7 48 355
15 48 355
23 48 355
31 48 355
56 48 355
57 48 355
58 48 355
59 48 355
7 48 356
15 48 356
23 48 356
31 48 356
56 48 356
57 48 356
58 48 356
59 48 356
7 48 357
15 48 357
23 48 357
31 48 357
56 48 357
57 48 357
58 48 357
59 48 357
7 48 358
15 48 358
23 48 358
31 48 358
56 48 358
57 48 358
58 48 358
59 48 358
7 48 359
15 48 359
23 48 359
31 48 359
56 48 359
57 48 359
58 48 359
59 48 359
7 48 360
15 48 360
23 48 360
31 48 360
56 48 360
57 48 360
58 48 360
59 48 360
7 48 361
15 48 361
23 48 361
31 48 361
56 48 361
57 48 361
58 48 361
59 48 361
7 48 362
15 48 362
23 48 362
31 48 362
56 48 362
57 48 362
58 48 362
59 48 362
7 48 363
15 48 363
23 48 363
31 48 363
56 48 363
57 48 363
58 48 363
59 48 363
7 48 364
15 48 364
23 48 364
31 48 364
56 48 364
57 48 364
58 48 364
59 48 364
7 48 365
15 48 365
23 48 365
31 48 365
56 48 365
57 48 365
58 48 365
59 48 365
7 48 366
15 48 366
23 48 366
31 48 366
56 48 366
57 48 366
58 48 366
59 48 366
7 48 367
15 48 367
23 48 367
31 48 367
56 48 367
57 48 367
58 48 367
59 48 367
7 48 368
15 48 368
23 48 368
31 48 368
56 48 368
57 48 368
58 48 368
59 48 368
7 48 369
15 48 369
23 48 369
31 48 369
56 48 369
57 48 369
58 48 369
59 48 369
7 48 370
15 48 370
23 48 370
31 48 370
56 48 370
57 48 370
58 48 370
59 48 370
7 48 371
15 48 371
23 48 371
31 48 371
56 48 371
57 48 371
58 48 371
59 48 371
7 48 372
15 48 372
23 48 372
31 48 372
56 48 372
57 48 372
58 48 372
59 48 372
7 48 373
15 48 373
23 48 373
31 48 373
56 48 373
57 48 373
58 48 373
59 48 373
7 48 374
15 48 374
23 48 374
31 48 374
56 48 374
57 48 374
58 48 374
59 48 374
7 48 375
15 48 375
23 48 375
31 48 375
56 48 375
57 48 375
58 48 375
59 48 375
7 48 376
15 48 376
23 48 376
31 48 376
56 48 376
57 48 376
58 48 376
59 48 376
7 48 377
15 48 377
23 48 377
31 48 377
56 48 377
57 48 377
58 48 377
59 48 377
7 48 378
15 48 378
23 48 378
31 48 378
56 48 378
57 48 378
58 48 378
59 48 378
7 48 379
15 48 379
23 48 379
31 48 379
56 48 379
57 48 379
58 48 379
59 48 379
7 48 380
15 48 380
23 48 380
31 48 380
56 48 380
57 48 380
58 48 380
59 48 380
7 48 381
15 48 381
23 48 381
31 48 381
56 48 381
57 48 381
58 48 381
59 48 381
7 48 382
15 48 382
23 48 382
31 48 382
56 48 382
57 48 382
58 48 382
59 48 382
7 48 383
15 48 383
23 48 383
31 48 383
56 48 383
57 48 383
58 48 383
59 48 383
7 48 384
15 48 384
23 48 384
31 48 384
56 48 384
57 48 384
58 48 384
59 48 384
